# ProfVersion: 2.3.3
# Date: 2023-03-10 11:01:13
# InterpolationFile: /home/anarendran/Documents/CEDAR_stuff/apfel-code-for-photon-pdfs/IPOL/ZEUS_2001_redone/ipol.dat
# DataDirectory: /home/anarendran/Documents/CEDAR_stuff/apfel-code-for-photon-pdfs/prof_refdata
#
# Limits:
#	PDF_APL  	0.002919 0.598061
#	PDF_BPL  	-0.992935 1.992591
#	PDF_AHAD 	0.000757 0.598818
#	PDF_BHAD 	-0.996955 1.993713
#	PDF_AHADG	0.048799 1.998914
#	PDF_BHADG	-0.992695 1.478125
#	SCALE    	0.188326 4.997757
#
# Fixed:
#
# Minimisation result:
#
# GOF 431514.000726
# UNITGOF 431514.000726
# NDOF 144.000000
PDF_APL  	0.392365
PDF_BPL  	1.510435
PDF_AHAD 	0.282285
PDF_BHAD 	-0.060774
PDF_AHADG	0.805734
PDF_BHADG	0.391361
SCALE    	0.999180
#
# MIGRAD errors:
#
# PDF_APL  	1.213015e-04
# PDF_BPL  	4.192045e-04
# PDF_AHAD 	1.360534e-04
# PDF_BHAD 	5.111877e-04
# PDF_AHADG	4.959138e-04
# PDF_BHADG	6.269035e-05
# SCALE    	2.654474e+00
#
# Correlation matrix:
#
# PDF_APL      1.000000e+00   -4.759885e-01    7.900527e-01   -6.834131e-01   -7.795117e-01    9.658052e-01    3.434009e-03
# PDF_BPL     -4.759885e-01    1.000000e+00   -9.150026e-01    9.605027e-01    9.213038e-01   -2.402470e-01   -4.227295e-03
# PDF_AHAD     7.900527e-01   -9.150026e-01    1.000000e+00   -9.842828e-01   -9.997654e-01    6.108803e-01    4.518515e-03
# PDF_BHAD    -6.834131e-01    9.605027e-01   -9.842828e-01    1.000000e+00    9.877336e-01   -4.843913e-01   -4.468268e-03
# PDF_AHADG   -7.795117e-01    9.213038e-01   -9.997654e-01    9.877336e-01    1.000000e+00   -5.981809e-01   -4.518942e-03
# PDF_BHADG    9.658052e-01   -2.402470e-01    6.108803e-01   -4.843913e-01   -5.981809e-01    1.000000e+00    2.575218e-03
# SCALE        3.434009e-03   -4.227295e-03    4.518515e-03   -4.468268e-03   -4.518942e-03    2.575218e-03    1.000000e+00
#
# Covariance matrix:
#
# PDF_APL      1.471406e-08   -2.420408e-08    1.303862e-08   -4.237698e-08   -4.689161e-08    7.344403e-09    5.165084e-05
# PDF_BPL     -2.420408e-08    1.757324e-07   -5.218643e-08    2.058282e-07    1.915292e-07   -6.313708e-09   -2.197345e-04
# PDF_AHAD     1.303862e-08   -5.218643e-08    1.851053e-08   -6.845572e-08   -6.745493e-08    5.210342e-09    7.622805e-05
# PDF_BHAD    -4.237698e-08    2.058282e-07   -6.845572e-08    2.613129e-07    2.503955e-07   -1.552306e-08   -2.832235e-04
# PDF_AHADG   -4.689161e-08    1.915292e-07   -6.745493e-08    2.503955e-07    2.459305e-07   -1.859685e-08   -2.778771e-04
# PDF_BHADG    7.344403e-09   -6.313708e-09    5.210342e-09   -1.552306e-08   -1.859685e-08    3.930080e-09    2.001817e-05
# SCALE        5.165084e-05   -2.197345e-04    7.622805e-05   -2.832235e-04   -2.778771e-04    2.001817e-05    1.537515e+04
#
#
# Weights used
#
# /ZEUS_2001_S4815815/d01-x01-y01   1.0   # 8 bins from 0 to 0.8
# /ZEUS_2001_S4815815/d01-x01-y02   1.0   # 8 bins from 0 to 0.8
# /ZEUS_2001_S4815815/d02-x01-y01   1.0   # 2 bins from 14 to 21
# /ZEUS_2001_S4815815/d03-x01-y01   1.0   # 4 bins from 14 to 29
# /ZEUS_2001_S4815815/d04-x01-y01   1.0   # 7 bins from 14 to 48
# /ZEUS_2001_S4815815/d05-x01-y01   1.0   # 6 bins from 14 to 41
# /ZEUS_2001_S4815815/d06-x01-y01   1.0   # 9 bins from 14 to 65
# /ZEUS_2001_S4815815/d07-x01-y01   1.0   # 10 bins from 14 to 75
# /ZEUS_2001_S4815815/d08-x01-y01   1.0   # 1 bins from 14 to 17
# /ZEUS_2001_S4815815/d09-x01-y01   1.0   # 4 bins from 14 to 29
# /ZEUS_2001_S4815815/d10-x01-y01   1.0   # 5 bins from 14 to 35
# /ZEUS_2001_S4815815/d11-x01-y01   1.0   # 5 bins from 14 to 35
# /ZEUS_2001_S4815815/d12-x01-y01   1.0   # 8 bins from 14 to 55
# /ZEUS_2001_S4815815/d13-x01-y01   1.0   # 9 bins from 14 to 65
# /ZEUS_2001_S4815815/d14-x01-y01   1.0   # 7 bins from -1 to 2.4
# /ZEUS_2001_S4815815/d15-x01-y01   1.0   # 7 bins from -1 to 2.4
# /ZEUS_2001_S4815815/d16-x01-y01   1.0   # 7 bins from -1 to 2.4
# /ZEUS_2001_S4815815/d17-x01-y01   1.0   # 6 bins from -0.5 to 2.4
# /ZEUS_2001_S4815815/d18-x01-y01   1.0   # 7 bins from -1 to 2.4
# /ZEUS_2001_S4815815/d19-x01-y01   1.0   # 7 bins from -1 to 2.4
# /ZEUS_2001_S4815815/d20-x01-y01   1.0   # 8 bins from 0.1 to 1
# /ZEUS_2001_S4815815/d21-x01-y01   1.0   # 8 bins from 0.1 to 1
# /ZEUS_2001_S4815815/d22-x01-y01   1.0   # 4 bins from 0.1 to 1
# /ZEUS_2001_S4815815/d23-x01-y01   1.0   # 4 bins from 0.1 to 1
#
# Mean contribution:
#
# /ZEUS_2001_S4815815/d01-x01-y01	3689.975902
# /ZEUS_2001_S4815815/d01-x01-y02	315.902397
# /ZEUS_2001_S4815815/d02-x01-y01	23.781579
# /ZEUS_2001_S4815815/d03-x01-y01	144.220489
# /ZEUS_2001_S4815815/d04-x01-y01	114.692276
# /ZEUS_2001_S4815815/d05-x01-y01	3105.937916
# /ZEUS_2001_S4815815/d06-x01-y01	299.169186
# /ZEUS_2001_S4815815/d07-x01-y01	52.448804
# /ZEUS_2001_S4815815/d08-x01-y01	24.069973
# /ZEUS_2001_S4815815/d09-x01-y01	92.002074
# /ZEUS_2001_S4815815/d10-x01-y01	1731.333362
# /ZEUS_2001_S4815815/d11-x01-y01	2195.269719
# /ZEUS_2001_S4815815/d12-x01-y01	4072.929687
# /ZEUS_2001_S4815815/d13-x01-y01	4579.239025
# /ZEUS_2001_S4815815/d14-x01-y01	575.920357
# /ZEUS_2001_S4815815/d15-x01-y01	371.454893
# /ZEUS_2001_S4815815/d16-x01-y01	409.743826
# /ZEUS_2001_S4815815/d17-x01-y01	3320.558015
# /ZEUS_2001_S4815815/d18-x01-y01	4722.572237
# /ZEUS_2001_S4815815/d19-x01-y01	6064.357347
# /ZEUS_2001_S4815815/d20-x01-y01	2906.123327
# /ZEUS_2001_S4815815/d21-x01-y01	18763.201722
# /ZEUS_2001_S4815815/d22-x01-y01	828.645340
# /ZEUS_2001_S4815815/d23-x01-y01	191.123053
