# ProfVersion: 2.3.3
# Date: 2023-03-23 23:54:23
# InterpolationFile: /home/anarendran/Documents/CEDAR_stuff/apfel-code-for-photon-pdfs/IPOL/ZEUS_2012_redone2/ipol.dat
# DataDirectory: /home/anarendran/Documents/CEDAR_stuff/apfel-code-for-photon-pdfs/IPOL/ZEUS_2012_redone2/prof_refdata_94
#
# Limits:
#	PDF_APL  	0.000965 0.998800
#	PDF_BPL  	-0.977988 1.974870
#	PDF_AHAD 	0.001407 0.999209
#	PDF_BHAD 	-0.986509 1.998866
#	PDF_AHADG	0.004202 1.996735
#	PDF_BHADG	-0.989979 1.485580
#	SCALE    	0.256464 6.313484
#
# Fixed:
#
# Minimisation result:
#
# GOF 1027.513711
# UNITGOF 1027.513711
# NDOF 33.000000
PDF_APL  	0.460852
PDF_BPL  	-0.380370
PDF_AHAD 	0.454508
PDF_BHAD 	0.974710
PDF_AHADG	1.015417
PDF_BHADG	-0.049262
SCALE    	0.304424
#
# MIGRAD errors:
#
# PDF_APL  	6.642819e-06
# PDF_BPL  	1.911500e-05
# PDF_AHAD 	5.088598e-06
# PDF_BHAD 	1.847120e-05
# PDF_AHADG	1.127327e-05
# PDF_BHADG	1.289919e-05
# SCALE    	5.374089e+00
#
# Correlation matrix:
#
# PDF_APL      1.000000e+00    2.006692e-01    1.993150e-01   -2.005356e-01   -2.000133e-01   -2.016696e-01    2.731275e-02
# PDF_BPL      2.006692e-01    1.000000e+00   -1.996224e-01    2.003076e-01    1.988219e-01    2.006636e-01   -1.576894e-02
# PDF_AHAD     1.993150e-01   -1.996224e-01    1.000000e+00    2.017447e-01    1.995666e-01    2.007381e-01   -4.048953e-02
# PDF_BHAD    -2.005356e-01    2.003076e-01    2.017447e-01    1.000000e+00   -1.961147e-01   -2.005837e-01    2.755982e-03
# PDF_AHADG   -2.000133e-01    1.988219e-01    1.995666e-01   -1.961147e-01    1.000000e+00   -1.959788e-01   -8.316970e-02
# PDF_BHADG   -2.016696e-01    2.006636e-01    2.007381e-01   -2.005837e-01   -1.959788e-01    1.000000e+00   -3.981988e-03
# SCALE        2.731275e-02   -1.576894e-02   -4.048953e-02    2.755982e-03   -8.316970e-02   -3.981988e-03    1.000000e+00
#
# Covariance matrix:
#
# PDF_APL      4.412704e-11    2.548046e-11    6.737372e-12   -2.460589e-11   -1.497825e-11   -1.728046e-11    2.543574e-04
# PDF_BPL      2.548046e-11    3.653831e-10   -1.941698e-11    7.072399e-11    4.284382e-11    4.947722e-11   -4.225744e-04
# PDF_AHAD     6.737372e-12   -1.941698e-11    2.589383e-11    1.896250e-11    1.144816e-11    1.317620e-11   -2.888467e-04
# PDF_BHAD    -2.460589e-11    7.072399e-11    1.896250e-11    3.411853e-10   -4.083710e-11   -4.779179e-11    7.136710e-05
# PDF_AHADG   -1.497825e-11    4.284382e-11    1.144816e-11   -4.083710e-11    1.270865e-10   -2.849845e-11   -1.314442e-03
# PDF_BHADG   -1.728046e-11    4.947722e-11    1.317620e-11   -4.779179e-11   -2.849845e-11    1.663891e-10   -7.200935e-05
# SCALE        2.543574e-04   -4.225744e-04   -2.888467e-04    7.136710e-05   -1.314442e-03   -7.200935e-05    1.965409e+06
#
#
# Weights used
#
# /ZEUS_2012_I1116258/d01-x01-y01#0:4   1.0   # 9 bins from 17 to 95
# /ZEUS_2012_I1116258/d01-x01-y01#4:9   0.0   # 9 bins from 17 to 95
# /ZEUS_2012_I1116258/d02-x01-y01   0.0   # 13 bins from -0.75 to 2.5
# /ZEUS_2012_I1116258/d03-x01-y01   0.0   # 13 bins from -0.75 to 2.5
# /ZEUS_2012_I1116258/d04-x01-y01   1.0   # 5 bins from 17 to 41
# /ZEUS_2012_I1116258/d05-x01-y01#0:3   1.0   # 9 bins from 17 to 95
# /ZEUS_2012_I1116258/d05-x01-y01#3:9   0.0   # 9 bins from 17 to 95
# /ZEUS_2012_I1116258/d06-x01-y01#0:6   1.0   # 9 bins from 17 to 95
# /ZEUS_2012_I1116258/d06-x01-y01#6:9   0.0   # 9 bins from 17 to 95
# /ZEUS_2012_I1116258/d07-x01-y01#0:7   1.0   # 9 bins from 17 to 95
# /ZEUS_2012_I1116258/d07-x01-y01#7:9   0.0   # 9 bins from 17 to 95
# /ZEUS_2012_I1116258/d08-x01-y01#0:2   1.0   # 9 bins from 17 to 95
# /ZEUS_2012_I1116258/d08-x01-y01#2:9   0.0   # 9 bins from 17 to 95
# /ZEUS_2012_I1116258/d09-x01-y01#0:6   1.0   # 9 bins from 17 to 95
# /ZEUS_2012_I1116258/d09-x01-y01#6:9   0.0   # 9 bins from 17 to 95
# /ZEUS_2012_I1116258/d10-x01-y01#0:7   1.0   # 9 bins from 17 to 95
# /ZEUS_2012_I1116258/d10-x01-y01#7:9   0.0   # 9 bins from 17 to 95
# /ZEUS_2012_I1116258/d11-x01-y01   0.0   # 13 bins from -0.75 to 2.5
# /ZEUS_2012_I1116258/d12-x01-y01   0.0   # 13 bins from -0.75 to 2.5
#
# Mean contribution:
#
# /ZEUS_2012_I1116258/d01-x01-y01	4.826751
# /ZEUS_2012_I1116258/d04-x01-y01	23.451826
# /ZEUS_2012_I1116258/d05-x01-y01	22.642285
# /ZEUS_2012_I1116258/d06-x01-y01	37.104164
# /ZEUS_2012_I1116258/d07-x01-y01	29.711046
# /ZEUS_2012_I1116258/d08-x01-y01	20.001799
# /ZEUS_2012_I1116258/d09-x01-y01	22.498427
# /ZEUS_2012_I1116258/d10-x01-y01	31.060608
