# ProfVersion: 2.3.3
# Date: 2023-03-23 23:53:31
# InterpolationFile: /home/anarendran/Documents/CEDAR_stuff/apfel-code-for-photon-pdfs/IPOL/ZEUS_2012_redone2/ipol.dat
# DataDirectory: /home/anarendran/Documents/CEDAR_stuff/apfel-code-for-photon-pdfs/IPOL/ZEUS_2012_redone2/prof_refdata_65
#
# Limits:
#	PDF_APL  	0.000965 0.998800
#	PDF_BPL  	-0.977988 1.974870
#	PDF_AHAD 	0.001407 0.999209
#	PDF_BHAD 	-0.986509 1.998866
#	PDF_AHADG	0.004202 1.996735
#	PDF_BHADG	-0.989979 1.485580
#	SCALE    	0.256464 6.313484
#
# Fixed:
#
# Minimisation result:
#
# GOF 1054.207495
# UNITGOF 1054.207495
# NDOF 33.000000
PDF_APL  	0.477940
PDF_BPL  	-0.398240
PDF_AHAD 	0.452121
PDF_BHAD 	0.961356
PDF_AHADG	1.047641
PDF_BHADG	-0.121975
SCALE    	0.272053
#
# MIGRAD errors:
#
# PDF_APL  	2.844932e-04
# PDF_BPL  	1.666677e-03
# PDF_AHAD 	7.140235e-05
# PDF_BHAD 	6.288639e-04
# PDF_AHADG	1.355921e-03
# PDF_BHADG	6.069049e-04
# SCALE    	5.194558e+00
#
# Correlation matrix:
#
# PDF_APL      1.000000e+00   -9.992838e-01   -9.803233e-02    3.172422e-01   -9.971396e-01   -6.994286e-01    1.464577e-02
# PDF_BPL     -9.992838e-01    1.000000e+00    7.282517e-02   -2.930680e-01    9.952938e-01    6.808475e-01   -1.468627e-02
# PDF_AHAD    -9.803233e-02    7.282517e-02    1.000000e+00   -9.740082e-01    1.689519e-01    7.795693e-01    1.530137e-04
# PDF_BHAD     3.172422e-01   -2.930680e-01   -9.740082e-01    1.000000e+00   -3.842704e-01   -8.995550e-01    3.130354e-03
# PDF_AHADG   -9.971396e-01    9.952938e-01    1.689519e-01   -3.842704e-01    1.000000e+00    7.485775e-01   -1.449842e-02
# PDF_BHADG   -6.994286e-01    6.808475e-01    7.795693e-01   -8.995550e-01    7.485775e-01    1.000000e+00   -9.101261e-03
# SCALE        1.464577e-02   -1.468627e-02    1.530137e-04    3.130354e-03   -1.449842e-02   -9.101261e-03    1.000000e+00
#
# Covariance matrix:
#
# PDF_APL      8.093637e-08   -4.738188e-07   -1.991378e-09    5.675701e-08   -3.846469e-07   -1.207636e-07    4.548996e-05
# PDF_BPL     -4.738188e-07    2.777814e-06    8.666537e-09   -3.071685e-07    2.249248e-06    6.886873e-07   -2.672357e-04
# PDF_AHAD    -1.991378e-09    8.666537e-09    5.098295e-09   -4.373527e-08    1.635723e-08    3.378220e-08    1.192818e-07
# PDF_BHAD     5.675701e-08   -3.071685e-07   -4.373527e-08    3.954699e-07   -3.276635e-07   -3.433247e-07    2.149223e-05
# PDF_AHADG   -3.846469e-07    2.249248e-06    1.635723e-08   -3.276635e-07    1.838522e-06    6.160158e-07   -2.146281e-04
# PDF_BHADG   -1.207636e-07    6.886873e-07    3.378220e-08   -3.433247e-07    6.160158e-07    3.683336e-07   -6.030504e-05
# SCALE        4.548996e-05   -2.672357e-04    1.192818e-07    2.149223e-05   -2.146281e-04   -6.030504e-05    1.191963e+02
#
#
# Weights used
#
# /ZEUS_2012_I1116258/d01-x01-y01#0:4   1.0   # 9 bins from 17 to 95
# /ZEUS_2012_I1116258/d01-x01-y01#4:9   0.0   # 9 bins from 17 to 95
# /ZEUS_2012_I1116258/d02-x01-y01   0.0   # 13 bins from -0.75 to 2.5
# /ZEUS_2012_I1116258/d03-x01-y01   0.0   # 13 bins from -0.75 to 2.5
# /ZEUS_2012_I1116258/d04-x01-y01   1.0   # 5 bins from 17 to 41
# /ZEUS_2012_I1116258/d05-x01-y01#0:3   1.0   # 9 bins from 17 to 95
# /ZEUS_2012_I1116258/d05-x01-y01#3:9   0.0   # 9 bins from 17 to 95
# /ZEUS_2012_I1116258/d06-x01-y01#0:6   1.0   # 9 bins from 17 to 95
# /ZEUS_2012_I1116258/d06-x01-y01#6:9   0.0   # 9 bins from 17 to 95
# /ZEUS_2012_I1116258/d07-x01-y01#0:7   1.0   # 9 bins from 17 to 95
# /ZEUS_2012_I1116258/d07-x01-y01#7:9   0.0   # 9 bins from 17 to 95
# /ZEUS_2012_I1116258/d08-x01-y01#0:2   1.0   # 9 bins from 17 to 95
# /ZEUS_2012_I1116258/d08-x01-y01#2:9   0.0   # 9 bins from 17 to 95
# /ZEUS_2012_I1116258/d09-x01-y01#0:6   1.0   # 9 bins from 17 to 95
# /ZEUS_2012_I1116258/d09-x01-y01#6:9   0.0   # 9 bins from 17 to 95
# /ZEUS_2012_I1116258/d10-x01-y01#0:7   1.0   # 9 bins from 17 to 95
# /ZEUS_2012_I1116258/d10-x01-y01#7:9   0.0   # 9 bins from 17 to 95
# /ZEUS_2012_I1116258/d11-x01-y01   0.0   # 13 bins from -0.75 to 2.5
# /ZEUS_2012_I1116258/d12-x01-y01   0.0   # 13 bins from -0.75 to 2.5
#
# Mean contribution:
#
# /ZEUS_2012_I1116258/d01-x01-y01	7.731479
# /ZEUS_2012_I1116258/d04-x01-y01	23.907937
# /ZEUS_2012_I1116258/d05-x01-y01	25.574061
# /ZEUS_2012_I1116258/d06-x01-y01	38.874951
# /ZEUS_2012_I1116258/d07-x01-y01	28.527069
# /ZEUS_2012_I1116258/d08-x01-y01	23.567962
# /ZEUS_2012_I1116258/d09-x01-y01	22.576847
# /ZEUS_2012_I1116258/d10-x01-y01	30.211930
