# ProfVersion: 2.3.3
# Date: 2023-03-03 09:50:34
# InterpolationFile: /home/anarendran/Documents/CEDAR_stuff/apfel-code-for-photon-pdfs/IPOL/H1/ipol.dat
# DataDirectory: /home/anarendran/Documents/CEDAR_stuff/apfel-code-for-photon-pdfs/prof_refdata
#
# Limits:
#	PDF_APL  	-2.950048 2.913137
#	PDF_BPL  	-2.981785 2.923029
#	PDF_AHAD 	-2.981013 2.945382
#	PDF_BHAD 	-2.997881 2.984693
#	PDF_AHADG	-2.999687 2.969022
#	PDF_BHADG	-2.967407 2.990951
#	SCALE    	0.159527 9.830986
#
# Fixed:
#
# Minimisation result:
#
# GOF 3806947.552754
# UNITGOF 3806947.552754
# NDOF 84.000000
PDF_APL  	-0.067001
PDF_BPL  	-1.430281
PDF_AHAD 	0.245698
PDF_BHAD 	-0.059539
PDF_AHADG	-0.103174
PDF_BHADG	-0.103450
SCALE    	9.524514
#
# MIGRAD errors:
#
# PDF_APL  	1.289474e-05
# PDF_BPL  	7.636378e-06
# PDF_AHAD 	5.821256e-05
# PDF_BHAD 	1.211107e-05
# PDF_AHADG	2.290779e-05
# PDF_BHADG	3.068803e-05
# SCALE    	1.570121e+00
#
# Correlation matrix:
#
# PDF_APL      1.000000e+00   -9.998401e-01   -9.997742e-01    9.998009e-01    9.969500e-01    9.997938e-01    2.168605e-02
# PDF_BPL     -9.998401e-01    1.000000e+00    9.998132e-01   -9.996748e-01   -9.972970e-01   -9.996576e-01   -2.168245e-02
# PDF_AHAD    -9.997742e-01    9.998132e-01    1.000000e+00   -9.997923e-01   -9.967017e-01   -9.997226e-01   -2.168996e-02
# PDF_BHAD     9.998009e-01   -9.996748e-01   -9.997923e-01    1.000000e+00    9.972602e-01    9.996031e-01    2.168545e-02
# PDF_AHADG    9.969500e-01   -9.972970e-01   -9.967017e-01    9.972602e-01    1.000000e+00    9.974932e-01    2.157023e-02
# PDF_BHADG    9.997938e-01   -9.996576e-01   -9.997226e-01    9.996031e-01    9.974932e-01    1.000000e+00    2.167440e-02
# SCALE        2.168605e-02   -2.168245e-02   -2.168996e-02    2.168545e-02    2.157023e-02    2.167440e-02    1.000000e+00
#
# Covariance matrix:
#
# PDF_APL      1.662744e-10   -9.845339e-11   -7.504666e-10    1.561380e-10    2.944891e-10    3.956326e-10    4.068554e-07
# PDF_BPL     -9.845339e-11    5.831427e-11    4.444501e-10   -9.245461e-11   -1.744597e-10   -2.342651e-10   -2.409032e-07
# PDF_AHAD    -7.504666e-10    4.444501e-10    3.388702e-09   -7.048698e-10   -1.329123e-09   -1.785933e-09   -1.837056e-06
# PDF_BHAD     1.561380e-10   -9.245461e-11   -7.048698e-10    1.466779e-10    2.766777e-10    3.715172e-10    3.821183e-07
# PDF_AHADG    2.944891e-10   -1.744597e-10   -1.329123e-09    2.766777e-10    5.247669e-10    7.012326e-10    7.189272e-07
# PDF_BHADG    3.956326e-10   -2.342651e-10   -1.785933e-09    3.715172e-10    7.012326e-10    9.417549e-10    9.677492e-07
# SCALE        4.068554e-07   -2.409032e-07   -1.837056e-06    3.821183e-07    7.189272e-07    9.677492e-07    2.116868e+00
#
#
# Weights used
#
# /H1_2002_I581409/d01-x01-y01   1.0   # 6 bins from 45 to 180
# /H1_2002_I581409/d02-x01-y01   1.0   # 4 bins from 20 to 80
# /H1_2002_I581409/d03-x01-y01   1.0   # 4 bins from 25 to 80
# /H1_2002_I581409/d04-x01-y01   1.0   # 5 bins from 0.6 to 2.5
# /H1_2002_I581409/d04-x01-y02   1.0   # 4 bins from 0.9 to 2.5
# /H1_2002_I581409/d05-x01-y01   1.0   # 6 bins from 0 to 2.5
# /H1_2002_I581409/d05-x01-y02   1.0   # 4 bins from 0.6 to 2.1
# /H1_2002_I581409/d06-x01-y01   1.0   # 3 bins from 0.5 to 1
# /H1_2002_I581409/d06-x01-y02   1.0   # 5 bins from 0.1 to 1
# /H1_2002_I581409/d07-x01-y01   1.0   # 5 bins from 0.05 to 0.6
# /H1_2002_I581409/d07-x01-y02   1.0   # 5 bins from 0.05 to 0.6
# /H1_2002_I581409/d08-x01-y01   1.0   # 5 bins from 0.1 to 1
# /H1_2002_I581409/d08-x01-y02   1.0   # 5 bins from 0.1 to 1
# /H1_2002_I581409/d09-x01-y01   1.0   # 7 bins from 0 to 0.7
# /H1_2002_I581409/d09-x01-y02   1.0   # 7 bins from 0 to 0.7
# /H1_2002_I581409/d10-x01-y01   1.0   # 8 bins from 0 to 0.85
# /H1_2002_I581409/d10-x01-y02   1.0   # 8 bins from 0 to 0.85
#
# Mean contribution:
#
# /H1_2002_I581409/d01-x01-y01	170059.438852
# /H1_2002_I581409/d02-x01-y01	29909.665437
# /H1_2002_I581409/d03-x01-y01	10426.467010
# /H1_2002_I581409/d04-x01-y01	139.114940
# /H1_2002_I581409/d04-x01-y02	26.239021
# /H1_2002_I581409/d05-x01-y01	44617.375823
# /H1_2002_I581409/d05-x01-y02	335.261788
# /H1_2002_I581409/d06-x01-y01	276339.918474
# /H1_2002_I581409/d06-x01-y02	2461.797071
# /H1_2002_I581409/d07-x01-y01	213978.773706
# /H1_2002_I581409/d07-x01-y02	28.948972
# /H1_2002_I581409/d08-x01-y01	17658.962581
# /H1_2002_I581409/d08-x01-y02	228.472531
# /H1_2002_I581409/d09-x01-y01	45266.551474
# /H1_2002_I581409/d09-x01-y02	29.161681
# /H1_2002_I581409/d10-x01-y01	4670.630253
# /H1_2002_I581409/d10-x01-y02	20.124143
