# ProfVersion: 2.3.3
# Date: 2023-03-23 23:52:30
# InterpolationFile: /home/anarendran/Documents/CEDAR_stuff/apfel-code-for-photon-pdfs/IPOL/ZEUS_2012_redone2/ipol.dat
# DataDirectory: /home/anarendran/Documents/CEDAR_stuff/apfel-code-for-photon-pdfs/IPOL/ZEUS_2012_redone2/prof_refdata_31
#
# Limits:
#	PDF_APL  	0.000965 0.998800
#	PDF_BPL  	-0.977988 1.974870
#	PDF_AHAD 	0.001407 0.999209
#	PDF_BHAD 	-0.986509 1.998866
#	PDF_AHADG	0.004202 1.996735
#	PDF_BHADG	-0.989979 1.485580
#	SCALE    	0.256464 6.313484
#
# Fixed:
#
# Minimisation result:
#
# GOF 1023.464607
# UNITGOF 1023.464607
# NDOF 33.000000
PDF_APL  	0.478239
PDF_BPL  	-0.399677
PDF_AHAD 	0.451785
PDF_BHAD 	0.960739
PDF_AHADG	1.045654
PDF_BHADG	-0.121964
SCALE    	2.436664
#
# MIGRAD errors:
#
# PDF_APL  	6.681206e-06
# PDF_BPL  	1.832110e-05
# PDF_AHAD 	4.775228e-06
# PDF_BHAD 	1.798770e-05
# PDF_AHADG	1.245994e-05
# PDF_BHADG	1.145249e-05
# SCALE    	3.755617e+00
#
# Correlation matrix:
#
# PDF_APL      1.000000e+00    1.989654e-01    1.992375e-01   -2.001648e-01   -2.021130e-01   -1.999284e-01   -2.513080e-06
# PDF_BPL      1.989654e-01    1.000000e+00   -1.996831e-01    1.988128e-01    1.999624e-01    1.987860e-01    1.161350e-05
# PDF_AHAD     1.992375e-01   -1.996831e-01    1.000000e+00    1.992642e-01    2.007853e-01    1.983472e-01   -3.636344e-06
# PDF_BHAD    -2.001648e-01    1.988128e-01    1.992642e-01    1.000000e+00   -2.001655e-01   -1.984125e-01   -6.663144e-06
# PDF_AHADG   -2.021130e-01    1.999624e-01    2.007853e-01   -2.001655e-01    1.000000e+00   -2.017171e-01    3.083364e-05
# PDF_BHADG   -1.999284e-01    1.987860e-01    1.983472e-01   -1.984125e-01   -2.017171e-01    1.000000e+00   -1.382946e-05
# SCALE       -2.513080e-06    1.161350e-05   -3.636344e-06   -6.663144e-06    3.083364e-05   -1.382946e-05    1.000000e+00
#
# Covariance matrix:
#
# PDF_APL      4.463851e-11    2.435476e-11    6.356530e-12   -2.405571e-11   -1.682539e-11   -1.529781e-11   -9.733266e-11
# PDF_BPL      2.435476e-11    3.356626e-10   -1.746976e-11    6.551962e-11    4.564739e-11    4.170971e-11    1.233423e-09
# PDF_AHAD     6.356530e-12   -1.746976e-11    2.280280e-11    1.711587e-11    1.194654e-11    1.084726e-11   -1.006599e-10
# PDF_BHAD    -2.405571e-11    6.551962e-11    1.711587e-11    3.235574e-10   -4.486224e-11   -4.087375e-11   -6.947881e-10
# PDF_AHADG   -1.682539e-11    4.564739e-11    1.194654e-11   -4.486224e-11    1.552502e-10   -2.878450e-11    2.227093e-09
# PDF_BHADG   -1.529781e-11    4.170971e-11    1.084726e-11   -4.087375e-11   -2.878450e-11    1.311595e-10   -9.181267e-10
# SCALE       -9.733266e-11    1.233423e-09   -1.006599e-10   -6.947881e-10    2.227093e-09   -9.181267e-10    3.360431e+01
#
#
# Weights used
#
# /ZEUS_2012_I1116258/d01-x01-y01#0:4   1.0   # 9 bins from 17 to 95
# /ZEUS_2012_I1116258/d01-x01-y01#4:9   0.0   # 9 bins from 17 to 95
# /ZEUS_2012_I1116258/d02-x01-y01   0.0   # 13 bins from -0.75 to 2.5
# /ZEUS_2012_I1116258/d03-x01-y01   0.0   # 13 bins from -0.75 to 2.5
# /ZEUS_2012_I1116258/d04-x01-y01   1.0   # 5 bins from 17 to 41
# /ZEUS_2012_I1116258/d05-x01-y01#0:3   1.0   # 9 bins from 17 to 95
# /ZEUS_2012_I1116258/d05-x01-y01#3:9   0.0   # 9 bins from 17 to 95
# /ZEUS_2012_I1116258/d06-x01-y01#0:6   1.0   # 9 bins from 17 to 95
# /ZEUS_2012_I1116258/d06-x01-y01#6:9   0.0   # 9 bins from 17 to 95
# /ZEUS_2012_I1116258/d07-x01-y01#0:7   1.0   # 9 bins from 17 to 95
# /ZEUS_2012_I1116258/d07-x01-y01#7:9   0.0   # 9 bins from 17 to 95
# /ZEUS_2012_I1116258/d08-x01-y01#0:2   1.0   # 9 bins from 17 to 95
# /ZEUS_2012_I1116258/d08-x01-y01#2:9   0.0   # 9 bins from 17 to 95
# /ZEUS_2012_I1116258/d09-x01-y01#0:6   1.0   # 9 bins from 17 to 95
# /ZEUS_2012_I1116258/d09-x01-y01#6:9   0.0   # 9 bins from 17 to 95
# /ZEUS_2012_I1116258/d10-x01-y01#0:7   1.0   # 9 bins from 17 to 95
# /ZEUS_2012_I1116258/d10-x01-y01#7:9   0.0   # 9 bins from 17 to 95
# /ZEUS_2012_I1116258/d11-x01-y01   0.0   # 13 bins from -0.75 to 2.5
# /ZEUS_2012_I1116258/d12-x01-y01   0.0   # 13 bins from -0.75 to 2.5
#
# Mean contribution:
#
# /ZEUS_2012_I1116258/d01-x01-y01	3.335906
# /ZEUS_2012_I1116258/d04-x01-y01	21.533258
# /ZEUS_2012_I1116258/d05-x01-y01	23.532895
# /ZEUS_2012_I1116258/d06-x01-y01	40.602372
# /ZEUS_2012_I1116258/d07-x01-y01	23.426233
# /ZEUS_2012_I1116258/d08-x01-y01	22.097930
# /ZEUS_2012_I1116258/d09-x01-y01	20.694611
# /ZEUS_2012_I1116258/d10-x01-y01	36.556374
