# ProfVersion: 2.3.3
# Date: 2023-03-23 23:51:57
# InterpolationFile: /home/anarendran/Documents/CEDAR_stuff/apfel-code-for-photon-pdfs/IPOL/ZEUS_2012_redone2/ipol.dat
# DataDirectory: /home/anarendran/Documents/CEDAR_stuff/apfel-code-for-photon-pdfs/IPOL/ZEUS_2012_redone2/prof_refdata_13
#
# Limits:
#	PDF_APL  	0.000965 0.998800
#	PDF_BPL  	-0.977988 1.974870
#	PDF_AHAD 	0.001407 0.999209
#	PDF_BHAD 	-0.986509 1.998866
#	PDF_AHADG	0.004202 1.996735
#	PDF_BHADG	-0.989979 1.485580
#	SCALE    	0.256464 6.313484
#
# Fixed:
#
# Minimisation result:
#
# GOF 1089.605143
# UNITGOF 1089.605143
# NDOF 33.000000
PDF_APL  	0.478811
PDF_BPL  	-0.400400
PDF_AHAD 	0.452107
PDF_BHAD 	0.961275
PDF_AHADG	1.046915
PDF_BHADG	-0.124125
SCALE    	1.571265
#
# MIGRAD errors:
#
# PDF_APL  	6.707866e-06
# PDF_BPL  	1.833623e-05
# PDF_AHAD 	4.784931e-06
# PDF_BHAD 	1.799552e-05
# PDF_AHADG	1.247869e-05
# PDF_BHADG	1.141567e-05
# SCALE    	3.476930e+00
#
# Correlation matrix:
#
# PDF_APL      1.000000e+00    2.002594e-01    2.040265e-01   -2.001983e-01   -1.999379e-01   -1.985958e-01    6.700338e-02
# PDF_BPL      2.002594e-01    1.000000e+00   -1.977119e-01    1.984232e-01    2.007826e-01    1.996251e-01    7.005280e-03
# PDF_AHAD     2.040265e-01   -1.977119e-01    1.000000e+00    1.984043e-01    1.992447e-01    1.988326e-01    2.500454e-02
# PDF_BHAD    -2.001983e-01    1.984232e-01    1.984043e-01    1.000000e+00   -2.009025e-01   -1.992407e-01   -1.053430e-02
# PDF_AHADG   -1.999379e-01    2.007826e-01    1.992447e-01   -2.009025e-01    1.000000e+00   -2.001743e-01   -2.287413e-02
# PDF_BHADG   -1.985958e-01    1.996251e-01    1.988326e-01   -1.992407e-01   -2.001743e-01    1.000000e+00   -1.791855e-03
# SCALE        6.700338e-02    7.005280e-03    2.500454e-02   -1.053430e-02   -2.287413e-02   -1.791855e-03    1.000000e+00
#
# Covariance matrix:
#
# PDF_APL      4.499547e-11    2.463129e-11    6.548571e-12   -2.416624e-11   -1.673587e-11   -1.520743e-11    2.474710e-03
# PDF_BPL      2.463129e-11    3.362172e-10   -1.734676e-11    6.547370e-11    4.594146e-11    4.178557e-11    7.072592e-04
# PDF_AHAD     6.548571e-12   -1.734676e-11    2.289557e-11    1.708407e-11    1.189683e-11    1.086086e-11    6.587759e-04
# PDF_BHAD    -2.416624e-11    6.547370e-11    1.708407e-11    3.238389e-10   -4.511475e-11   -4.093018e-11   -1.043790e-03
# PDF_AHADG   -1.673587e-11    4.594146e-11    1.189683e-11   -4.511475e-11    1.557176e-10   -2.851533e-11   -1.571653e-03
# PDF_BHADG   -1.520743e-11    4.178557e-11    1.086086e-11   -4.093018e-11   -2.851533e-11    1.303174e-10   -1.126282e-04
# SCALE        2.474710e-03    7.072592e-04    6.587759e-04   -1.043790e-03   -1.571653e-03   -1.126282e-04    3.031701e+07
#
#
# Weights used
#
# /ZEUS_2012_I1116258/d01-x01-y01#0:4   1.0   # 9 bins from 17 to 95
# /ZEUS_2012_I1116258/d01-x01-y01#4:9   0.0   # 9 bins from 17 to 95
# /ZEUS_2012_I1116258/d02-x01-y01   0.0   # 13 bins from -0.75 to 2.5
# /ZEUS_2012_I1116258/d03-x01-y01   0.0   # 13 bins from -0.75 to 2.5
# /ZEUS_2012_I1116258/d04-x01-y01   1.0   # 5 bins from 17 to 41
# /ZEUS_2012_I1116258/d05-x01-y01#0:3   1.0   # 9 bins from 17 to 95
# /ZEUS_2012_I1116258/d05-x01-y01#3:9   0.0   # 9 bins from 17 to 95
# /ZEUS_2012_I1116258/d06-x01-y01#0:6   1.0   # 9 bins from 17 to 95
# /ZEUS_2012_I1116258/d06-x01-y01#6:9   0.0   # 9 bins from 17 to 95
# /ZEUS_2012_I1116258/d07-x01-y01#0:7   1.0   # 9 bins from 17 to 95
# /ZEUS_2012_I1116258/d07-x01-y01#7:9   0.0   # 9 bins from 17 to 95
# /ZEUS_2012_I1116258/d08-x01-y01#0:2   1.0   # 9 bins from 17 to 95
# /ZEUS_2012_I1116258/d08-x01-y01#2:9   0.0   # 9 bins from 17 to 95
# /ZEUS_2012_I1116258/d09-x01-y01#0:6   1.0   # 9 bins from 17 to 95
# /ZEUS_2012_I1116258/d09-x01-y01#6:9   0.0   # 9 bins from 17 to 95
# /ZEUS_2012_I1116258/d10-x01-y01#0:7   1.0   # 9 bins from 17 to 95
# /ZEUS_2012_I1116258/d10-x01-y01#7:9   0.0   # 9 bins from 17 to 95
# /ZEUS_2012_I1116258/d11-x01-y01   0.0   # 13 bins from -0.75 to 2.5
# /ZEUS_2012_I1116258/d12-x01-y01   0.0   # 13 bins from -0.75 to 2.5
#
# Mean contribution:
#
# /ZEUS_2012_I1116258/d01-x01-y01	3.875881
# /ZEUS_2012_I1116258/d04-x01-y01	31.170411
# /ZEUS_2012_I1116258/d05-x01-y01	21.741252
# /ZEUS_2012_I1116258/d06-x01-y01	46.281147
# /ZEUS_2012_I1116258/d07-x01-y01	24.776513
# /ZEUS_2012_I1116258/d08-x01-y01	24.362246
# /ZEUS_2012_I1116258/d09-x01-y01	22.976354
# /ZEUS_2012_I1116258/d10-x01-y01	30.760103
