# ProfVersion: 2.3.3
# Date: 2023-03-23 23:53:06
# InterpolationFile: /home/anarendran/Documents/CEDAR_stuff/apfel-code-for-photon-pdfs/IPOL/ZEUS_2012_redone2/ipol.dat
# DataDirectory: /home/anarendran/Documents/CEDAR_stuff/apfel-code-for-photon-pdfs/IPOL/ZEUS_2012_redone2/prof_refdata_51
#
# Limits:
#	PDF_APL  	0.000965 0.998800
#	PDF_BPL  	-0.977988 1.974870
#	PDF_AHAD 	0.001407 0.999209
#	PDF_BHAD 	-0.986509 1.998866
#	PDF_AHADG	0.004202 1.996735
#	PDF_BHADG	-0.989979 1.485580
#	SCALE    	0.256464 6.313484
#
# Fixed:
#
# Minimisation result:
#
# GOF 1113.522525
# UNITGOF 1113.522525
# NDOF 33.000000
PDF_APL  	0.479415
PDF_BPL  	-0.400373
PDF_AHAD 	0.451373
PDF_BHAD 	0.960607
PDF_AHADG	1.042559
PDF_BHADG	-0.122448
SCALE    	1.232478
#
# MIGRAD errors:
#
# PDF_APL  	1.209330e-04
# PDF_BPL  	6.969481e-04
# PDF_AHAD 	7.849806e-05
# PDF_BHAD 	6.519417e-04
# PDF_AHADG	5.906934e-04
# PDF_BHADG	4.987786e-04
# SCALE    	3.483975e+00
#
# Correlation matrix:
#
# PDF_APL      1.000000e+00   -9.951101e-01   -7.918334e-02    1.522344e-01   -9.812455e-01   -3.617571e-01   -1.486792e-02
# PDF_BPL     -9.951101e-01    1.000000e+00    5.743285e-03   -7.903805e-02    9.665819e-01    2.914502e-01    1.451793e-02
# PDF_AHAD    -7.918334e-02    5.743285e-03    1.000000e+00   -9.965638e-01    2.615467e-01    9.577275e-01    5.482833e-03
# PDF_BHAD     1.522344e-01   -7.903805e-02   -9.965638e-01    1.000000e+00   -3.318197e-01   -9.763384e-01   -6.532214e-03
# PDF_AHADG   -9.812455e-01    9.665819e-01    2.615467e-01   -3.318197e-01    1.000000e+00    5.268398e-01    1.541937e-02
# PDF_BHADG   -3.617571e-01    2.914502e-01    9.577275e-01   -9.763384e-01    5.268398e-01    1.000000e+00    9.403885e-03
# SCALE       -1.486792e-02    1.451793e-02    5.482833e-03   -6.532214e-03    1.541937e-02    9.403885e-03    1.000000e+00
#
# Covariance matrix:
#
# PDF_APL      1.462479e-08   -8.387190e-08   -7.516879e-10    1.200235e-08   -7.009461e-08   -2.182075e-08   -1.428987e-04
# PDF_BPL     -8.387190e-08    4.857368e-07    3.142098e-10   -3.591249e-08    3.979250e-07    1.013147e-07    8.041529e-04
# PDF_AHAD    -7.516879e-10    3.142098e-10    6.161946e-09   -5.100031e-08    1.212747e-08    3.749805e-08    3.420561e-05
# PDF_BHAD     1.200235e-08   -3.591249e-08   -5.100031e-08    4.250280e-07   -1.277830e-07   -3.174804e-07   -3.384562e-04
# PDF_AHADG   -7.009461e-08    3.979250e-07    1.212747e-08   -1.277830e-07    3.489187e-07    1.552203e-07    7.238725e-04
# PDF_BHADG   -2.182075e-08    1.013147e-07    3.749805e-08   -3.174804e-07    1.552203e-07    2.487801e-07    3.727764e-04
# SCALE       -1.428987e-04    8.041529e-04    3.420561e-05   -3.384562e-04    7.238725e-04    3.727764e-04    6.316356e+03
#
#
# Weights used
#
# /ZEUS_2012_I1116258/d01-x01-y01#0:4   1.0   # 9 bins from 17 to 95
# /ZEUS_2012_I1116258/d01-x01-y01#4:9   0.0   # 9 bins from 17 to 95
# /ZEUS_2012_I1116258/d02-x01-y01   0.0   # 13 bins from -0.75 to 2.5
# /ZEUS_2012_I1116258/d03-x01-y01   0.0   # 13 bins from -0.75 to 2.5
# /ZEUS_2012_I1116258/d04-x01-y01   1.0   # 5 bins from 17 to 41
# /ZEUS_2012_I1116258/d05-x01-y01#0:3   1.0   # 9 bins from 17 to 95
# /ZEUS_2012_I1116258/d05-x01-y01#3:9   0.0   # 9 bins from 17 to 95
# /ZEUS_2012_I1116258/d06-x01-y01#0:6   1.0   # 9 bins from 17 to 95
# /ZEUS_2012_I1116258/d06-x01-y01#6:9   0.0   # 9 bins from 17 to 95
# /ZEUS_2012_I1116258/d07-x01-y01#0:7   1.0   # 9 bins from 17 to 95
# /ZEUS_2012_I1116258/d07-x01-y01#7:9   0.0   # 9 bins from 17 to 95
# /ZEUS_2012_I1116258/d08-x01-y01#0:2   1.0   # 9 bins from 17 to 95
# /ZEUS_2012_I1116258/d08-x01-y01#2:9   0.0   # 9 bins from 17 to 95
# /ZEUS_2012_I1116258/d09-x01-y01#0:6   1.0   # 9 bins from 17 to 95
# /ZEUS_2012_I1116258/d09-x01-y01#6:9   0.0   # 9 bins from 17 to 95
# /ZEUS_2012_I1116258/d10-x01-y01#0:7   1.0   # 9 bins from 17 to 95
# /ZEUS_2012_I1116258/d10-x01-y01#7:9   0.0   # 9 bins from 17 to 95
# /ZEUS_2012_I1116258/d11-x01-y01   0.0   # 13 bins from -0.75 to 2.5
# /ZEUS_2012_I1116258/d12-x01-y01   0.0   # 13 bins from -0.75 to 2.5
#
# Mean contribution:
#
# /ZEUS_2012_I1116258/d01-x01-y01	5.791820
# /ZEUS_2012_I1116258/d04-x01-y01	27.005925
# /ZEUS_2012_I1116258/d05-x01-y01	31.813699
# /ZEUS_2012_I1116258/d06-x01-y01	41.309696
# /ZEUS_2012_I1116258/d07-x01-y01	28.826305
# /ZEUS_2012_I1116258/d08-x01-y01	31.014249
# /ZEUS_2012_I1116258/d09-x01-y01	18.703175
# /ZEUS_2012_I1116258/d10-x01-y01	33.713522
