# ProfVersion: 2.3.3
# Date: 2023-03-23 23:52:07
# InterpolationFile: /home/anarendran/Documents/CEDAR_stuff/apfel-code-for-photon-pdfs/IPOL/ZEUS_2012_redone2/ipol.dat
# DataDirectory: /home/anarendran/Documents/CEDAR_stuff/apfel-code-for-photon-pdfs/IPOL/ZEUS_2012_redone2/prof_refdata_18
#
# Limits:
#	PDF_APL  	0.000965 0.998800
#	PDF_BPL  	-0.977988 1.974870
#	PDF_AHAD 	0.001407 0.999209
#	PDF_BHAD 	-0.986509 1.998866
#	PDF_AHADG	0.004202 1.996735
#	PDF_BHADG	-0.989979 1.485580
#	SCALE    	0.256464 6.313484
#
# Fixed:
#
# Minimisation result:
#
# GOF 960.007079
# UNITGOF 960.007079
# NDOF 33.000000
PDF_APL  	0.478836
PDF_BPL  	-0.400122
PDF_AHAD 	0.451655
PDF_BHAD 	0.960756
PDF_AHADG	1.044685
PDF_BHADG	-0.122691
SCALE    	0.399070
#
# MIGRAD errors:
#
# PDF_APL  	1.424242e-04
# PDF_BPL  	9.154614e-04
# PDF_AHAD 	7.044266e-05
# PDF_BHAD 	6.077559e-04
# PDF_AHADG	7.353747e-04
# PDF_BHADG	4.535276e-04
# SCALE    	5.225024e+00
#
# Correlation matrix:
#
# PDF_APL      1.000000e+00   -9.983241e-01    2.080954e-01    8.327273e-02   -9.857789e-01   -3.097502e-01    7.730134e-03
# PDF_BPL     -9.983241e-01    1.000000e+00   -2.250766e-01   -6.605325e-02    9.840223e-01    2.925931e-01   -7.805824e-03
# PDF_AHAD     2.080954e-01   -2.250766e-01    1.000000e+00   -9.563703e-01   -4.831366e-02    8.651633e-01    5.604283e-03
# PDF_BHAD     8.327273e-02   -6.605325e-02   -9.563703e-01    1.000000e+00   -2.425369e-01   -9.731396e-01   -3.427823e-03
# PDF_AHADG   -9.857789e-01    9.840223e-01   -4.831366e-02   -2.425369e-01    1.000000e+00    4.580935e-01   -6.978441e-03
# PDF_BHADG   -3.097502e-01    2.925931e-01    8.651633e-01   -9.731396e-01    4.580935e-01    1.000000e+00    1.491560e-03
# SCALE        7.730134e-03   -7.805824e-03    5.604283e-03   -3.427823e-03   -6.978441e-03    1.491560e-03    1.000000e+00
#
# Covariance matrix:
#
# PDF_APL      2.028466e-08   -1.301654e-07    2.087767e-09    7.208018e-09   -1.032457e-07   -2.000779e-08    3.631432e-05
# PDF_BPL     -1.301654e-07    8.380697e-07   -1.451463e-08   -3.675052e-08    6.624510e-07    1.214808e-07   -2.357034e-04
# PDF_AHAD     2.087767e-09   -1.451463e-08    4.962168e-09   -4.094407e-08   -2.502732e-09    2.763997e-08    1.302155e-05
# PDF_BHAD     7.208018e-09   -3.675052e-08   -4.094407e-08    3.693673e-07   -1.083966e-07   -2.682304e-07   -6.871549e-05
# PDF_AHADG   -1.032457e-07    6.624510e-07   -2.502732e-09   -1.083966e-07    5.407761e-07    1.527800e-07   -1.692677e-04
# PDF_BHADG   -2.000779e-08    1.214808e-07    2.763997e-08   -2.682304e-07    1.527800e-07    2.056873e-07    2.231266e-05
# SCALE        3.631432e-05   -2.357034e-04    1.302155e-05   -6.871549e-05   -1.692677e-04    2.231266e-05    1.087963e+03
#
#
# Weights used
#
# /ZEUS_2012_I1116258/d01-x01-y01#0:4   1.0   # 9 bins from 17 to 95
# /ZEUS_2012_I1116258/d01-x01-y01#4:9   0.0   # 9 bins from 17 to 95
# /ZEUS_2012_I1116258/d02-x01-y01   0.0   # 13 bins from -0.75 to 2.5
# /ZEUS_2012_I1116258/d03-x01-y01   0.0   # 13 bins from -0.75 to 2.5
# /ZEUS_2012_I1116258/d04-x01-y01   1.0   # 5 bins from 17 to 41
# /ZEUS_2012_I1116258/d05-x01-y01#0:3   1.0   # 9 bins from 17 to 95
# /ZEUS_2012_I1116258/d05-x01-y01#3:9   0.0   # 9 bins from 17 to 95
# /ZEUS_2012_I1116258/d06-x01-y01#0:6   1.0   # 9 bins from 17 to 95
# /ZEUS_2012_I1116258/d06-x01-y01#6:9   0.0   # 9 bins from 17 to 95
# /ZEUS_2012_I1116258/d07-x01-y01#0:7   1.0   # 9 bins from 17 to 95
# /ZEUS_2012_I1116258/d07-x01-y01#7:9   0.0   # 9 bins from 17 to 95
# /ZEUS_2012_I1116258/d08-x01-y01#0:2   1.0   # 9 bins from 17 to 95
# /ZEUS_2012_I1116258/d08-x01-y01#2:9   0.0   # 9 bins from 17 to 95
# /ZEUS_2012_I1116258/d09-x01-y01#0:6   1.0   # 9 bins from 17 to 95
# /ZEUS_2012_I1116258/d09-x01-y01#6:9   0.0   # 9 bins from 17 to 95
# /ZEUS_2012_I1116258/d10-x01-y01#0:7   1.0   # 9 bins from 17 to 95
# /ZEUS_2012_I1116258/d10-x01-y01#7:9   0.0   # 9 bins from 17 to 95
# /ZEUS_2012_I1116258/d11-x01-y01   0.0   # 13 bins from -0.75 to 2.5
# /ZEUS_2012_I1116258/d12-x01-y01   0.0   # 13 bins from -0.75 to 2.5
#
# Mean contribution:
#
# /ZEUS_2012_I1116258/d01-x01-y01	4.453074
# /ZEUS_2012_I1116258/d04-x01-y01	21.299972
# /ZEUS_2012_I1116258/d05-x01-y01	27.038419
# /ZEUS_2012_I1116258/d06-x01-y01	40.435112
# /ZEUS_2012_I1116258/d07-x01-y01	20.769487
# /ZEUS_2012_I1116258/d08-x01-y01	19.750864
# /ZEUS_2012_I1116258/d09-x01-y01	21.114686
# /ZEUS_2012_I1116258/d10-x01-y01	28.627533
