# ProfVersion: 2.3.3
# Date: 2023-03-23 23:52:32
# InterpolationFile: /home/anarendran/Documents/CEDAR_stuff/apfel-code-for-photon-pdfs/IPOL/ZEUS_2012_redone2/ipol.dat
# DataDirectory: /home/anarendran/Documents/CEDAR_stuff/apfel-code-for-photon-pdfs/IPOL/ZEUS_2012_redone2/prof_refdata_32
#
# Limits:
#	PDF_APL  	0.000965 0.998800
#	PDF_BPL  	-0.977988 1.974870
#	PDF_AHAD 	0.001407 0.999209
#	PDF_BHAD 	-0.986509 1.998866
#	PDF_AHADG	0.004202 1.996735
#	PDF_BHADG	-0.989979 1.485580
#	SCALE    	0.256464 6.313484
#
# Fixed:
#
# Minimisation result:
#
# GOF 1133.679288
# UNITGOF 1133.679288
# NDOF 33.000000
PDF_APL  	0.478876
PDF_BPL  	-0.399379
PDF_AHAD 	0.452051
PDF_BHAD 	0.962455
PDF_AHADG	1.048097
PDF_BHADG	-0.125565
SCALE    	1.073685
#
# MIGRAD errors:
#
# PDF_APL  	2.432986e-04
# PDF_BPL  	1.498604e-03
# PDF_AHAD 	7.037811e-05
# PDF_BHAD 	6.347170e-04
# PDF_AHADG	1.211916e-03
# PDF_BHADG	5.682449e-04
# SCALE    	3.840877e+00
#
# Correlation matrix:
#
# PDF_APL      1.000000e+00   -9.991007e-01    1.873839e-02    3.147287e-01   -9.963998e-01   -6.413090e-01    3.667826e-02
# PDF_BPL     -9.991007e-01    1.000000e+00   -4.587547e-02   -2.888360e-01    9.942592e-01    6.199502e-01   -3.666977e-02
# PDF_AHAD     1.873839e-02   -4.587547e-02    1.000000e+00   -9.422087e-01    6.108395e-02    7.548256e-01   -3.308846e-05
# PDF_BHAD     3.147287e-01   -2.888360e-01   -9.422087e-01    1.000000e+00   -3.895412e-01   -9.300129e-01    1.223440e-02
# PDF_AHADG   -9.963998e-01    9.942592e-01    6.108395e-02   -3.895412e-01    1.000000e+00    7.003023e-01   -3.664221e-02
# PDF_BHADG   -6.413090e-01    6.199502e-01    7.548256e-01   -9.300129e-01    7.003023e-01    1.000000e+00   -2.407730e-02
# SCALE        3.667826e-02   -3.666977e-02   -3.308846e-05    1.223440e-02   -3.664221e-02   -2.407730e-02    1.000000e+00
#
# Covariance matrix:
#
# PDF_APL      5.919421e-08   -3.642805e-07    3.208554e-10    4.860222e-08   -2.937961e-07   -8.866303e-08    6.568576e-04
# PDF_BPL     -3.642805e-07    2.245816e-06   -4.838439e-09   -2.747379e-07    1.805758e-06    5.279338e-07   -4.044997e-03
# PDF_AHAD     3.208554e-10   -4.838439e-09    4.953078e-09   -4.208864e-08    5.209996e-09    3.018699e-08   -1.714104e-07
# PDF_BHAD     4.860222e-08   -2.747379e-07   -4.208864e-08    4.028657e-07   -2.996445e-07   -3.354322e-07    5.715917e-04
# PDF_AHADG   -2.937961e-07    1.805758e-06    5.209996e-09   -2.996445e-07    1.468742e-06    4.822740e-07   -3.268717e-03
# PDF_BHADG   -8.866303e-08    5.279338e-07    3.018699e-08   -3.354322e-07    4.822740e-07    3.229023e-07   -1.007086e-03
# SCALE        6.568576e-04   -4.044997e-03   -1.714104e-07    5.715917e-04   -3.268717e-03   -1.007086e-03    5.418086e+03
#
#
# Weights used
#
# /ZEUS_2012_I1116258/d01-x01-y01#0:4   1.0   # 9 bins from 17 to 95
# /ZEUS_2012_I1116258/d01-x01-y01#4:9   0.0   # 9 bins from 17 to 95
# /ZEUS_2012_I1116258/d02-x01-y01   0.0   # 13 bins from -0.75 to 2.5
# /ZEUS_2012_I1116258/d03-x01-y01   0.0   # 13 bins from -0.75 to 2.5
# /ZEUS_2012_I1116258/d04-x01-y01   1.0   # 5 bins from 17 to 41
# /ZEUS_2012_I1116258/d05-x01-y01#0:3   1.0   # 9 bins from 17 to 95
# /ZEUS_2012_I1116258/d05-x01-y01#3:9   0.0   # 9 bins from 17 to 95
# /ZEUS_2012_I1116258/d06-x01-y01#0:6   1.0   # 9 bins from 17 to 95
# /ZEUS_2012_I1116258/d06-x01-y01#6:9   0.0   # 9 bins from 17 to 95
# /ZEUS_2012_I1116258/d07-x01-y01#0:7   1.0   # 9 bins from 17 to 95
# /ZEUS_2012_I1116258/d07-x01-y01#7:9   0.0   # 9 bins from 17 to 95
# /ZEUS_2012_I1116258/d08-x01-y01#0:2   1.0   # 9 bins from 17 to 95
# /ZEUS_2012_I1116258/d08-x01-y01#2:9   0.0   # 9 bins from 17 to 95
# /ZEUS_2012_I1116258/d09-x01-y01#0:6   1.0   # 9 bins from 17 to 95
# /ZEUS_2012_I1116258/d09-x01-y01#6:9   0.0   # 9 bins from 17 to 95
# /ZEUS_2012_I1116258/d10-x01-y01#0:7   1.0   # 9 bins from 17 to 95
# /ZEUS_2012_I1116258/d10-x01-y01#7:9   0.0   # 9 bins from 17 to 95
# /ZEUS_2012_I1116258/d11-x01-y01   0.0   # 13 bins from -0.75 to 2.5
# /ZEUS_2012_I1116258/d12-x01-y01   0.0   # 13 bins from -0.75 to 2.5
#
# Mean contribution:
#
# /ZEUS_2012_I1116258/d01-x01-y01	5.506225
# /ZEUS_2012_I1116258/d04-x01-y01	26.430755
# /ZEUS_2012_I1116258/d05-x01-y01	28.822502
# /ZEUS_2012_I1116258/d06-x01-y01	43.385432
# /ZEUS_2012_I1116258/d07-x01-y01	32.703926
# /ZEUS_2012_I1116258/d08-x01-y01	27.486352
# /ZEUS_2012_I1116258/d09-x01-y01	25.051208
# /ZEUS_2012_I1116258/d10-x01-y01	28.359011
