# ProfVersion: 2.3.3
# Date: 2023-03-23 23:52:02
# InterpolationFile: /home/anarendran/Documents/CEDAR_stuff/apfel-code-for-photon-pdfs/IPOL/ZEUS_2012_redone2/ipol.dat
# DataDirectory: /home/anarendran/Documents/CEDAR_stuff/apfel-code-for-photon-pdfs/IPOL/ZEUS_2012_redone2/prof_refdata_15
#
# Limits:
#	PDF_APL  	0.000965 0.998800
#	PDF_BPL  	-0.977988 1.974870
#	PDF_AHAD 	0.001407 0.999209
#	PDF_BHAD 	-0.986509 1.998866
#	PDF_AHADG	0.004202 1.996735
#	PDF_BHADG	-0.989979 1.485580
#	SCALE    	0.256464 6.313484
#
# Fixed:
#
# Minimisation result:
#
# GOF 1018.516448
# UNITGOF 1018.516448
# NDOF 33.000000
PDF_APL  	0.479062
PDF_BPL  	-0.399857
PDF_AHAD 	0.451863
PDF_BHAD 	0.960947
PDF_AHADG	1.045524
PDF_BHADG	-0.123310
SCALE    	1.151045
#
# MIGRAD errors:
#
# PDF_APL  	9.957141e-05
# PDF_BPL  	6.791854e-04
# PDF_AHAD 	7.045900e-05
# PDF_BHAD 	5.603020e-04
# PDF_AHADG	4.978919e-04
# PDF_BHADG	3.864148e-04
# SCALE    	5.576870e+00
#
# Correlation matrix:
#
# PDF_APL      1.000000e+00   -9.962967e-01    4.720809e-01   -2.988934e-01   -9.779455e-01    1.112323e-01   -1.482013e-02
# PDF_BPL     -9.962967e-01    1.000000e+00   -5.019859e-01    3.310683e-01    9.733217e-01   -1.459798e-01    1.480080e-02
# PDF_AHAD     4.720809e-01   -5.019859e-01    1.000000e+00   -9.811819e-01   -2.906102e-01    9.280702e-01   -5.276522e-03
# PDF_BHAD    -2.988934e-01    3.310683e-01   -9.811819e-01    1.000000e+00    1.059487e-01   -9.814053e-01    2.553276e-03
# PDF_AHADG   -9.779455e-01    9.733217e-01   -2.906102e-01    1.059487e-01    1.000000e+00    8.474855e-02    1.497543e-02
# PDF_BHADG    1.112323e-01   -1.459798e-01    9.280702e-01   -9.814053e-01    8.474855e-02    1.000000e+00    2.983215e-04
# SCALE       -1.482013e-02    1.480080e-02   -5.276522e-03    2.553276e-03    1.497543e-02    2.983215e-04    1.000000e+00
#
# Covariance matrix:
#
# PDF_APL      9.914467e-09   -6.737701e-08    3.311979e-09   -1.667528e-08   -4.848243e-08    4.279758e-09   -1.127526e-04
# PDF_BPL     -6.737701e-08    4.612928e-07   -2.402240e-08    1.259877e-07    3.291393e-07   -3.831202e-08    7.680917e-04
# PDF_AHAD     3.311979e-09   -2.402240e-08    4.964470e-09   -3.873541e-08   -1.019488e-08    2.526801e-08   -2.840690e-05
# PDF_BHAD    -1.667528e-08    1.259877e-07   -3.873541e-08    3.139383e-07    2.955649e-08   -2.124831e-07    1.093099e-04
# PDF_AHADG   -4.848243e-08    3.291393e-07   -1.019488e-08    2.955649e-08    2.478963e-07    1.630501e-08    5.697101e-04
# PDF_BHADG    4.279758e-09   -3.831202e-08    2.526801e-08   -2.124831e-07    1.630501e-08    1.493164e-07    8.808014e-06
# SCALE       -1.127526e-04    7.680917e-04   -2.840690e-05    1.093099e-04    5.697101e-04    8.808014e-06    5.838204e+03
#
#
# Weights used
#
# /ZEUS_2012_I1116258/d01-x01-y01#0:4   1.0   # 9 bins from 17 to 95
# /ZEUS_2012_I1116258/d01-x01-y01#4:9   0.0   # 9 bins from 17 to 95
# /ZEUS_2012_I1116258/d02-x01-y01   0.0   # 13 bins from -0.75 to 2.5
# /ZEUS_2012_I1116258/d03-x01-y01   0.0   # 13 bins from -0.75 to 2.5
# /ZEUS_2012_I1116258/d04-x01-y01   1.0   # 5 bins from 17 to 41
# /ZEUS_2012_I1116258/d05-x01-y01#0:3   1.0   # 9 bins from 17 to 95
# /ZEUS_2012_I1116258/d05-x01-y01#3:9   0.0   # 9 bins from 17 to 95
# /ZEUS_2012_I1116258/d06-x01-y01#0:6   1.0   # 9 bins from 17 to 95
# /ZEUS_2012_I1116258/d06-x01-y01#6:9   0.0   # 9 bins from 17 to 95
# /ZEUS_2012_I1116258/d07-x01-y01#0:7   1.0   # 9 bins from 17 to 95
# /ZEUS_2012_I1116258/d07-x01-y01#7:9   0.0   # 9 bins from 17 to 95
# /ZEUS_2012_I1116258/d08-x01-y01#0:2   1.0   # 9 bins from 17 to 95
# /ZEUS_2012_I1116258/d08-x01-y01#2:9   0.0   # 9 bins from 17 to 95
# /ZEUS_2012_I1116258/d09-x01-y01#0:6   1.0   # 9 bins from 17 to 95
# /ZEUS_2012_I1116258/d09-x01-y01#6:9   0.0   # 9 bins from 17 to 95
# /ZEUS_2012_I1116258/d10-x01-y01#0:7   1.0   # 9 bins from 17 to 95
# /ZEUS_2012_I1116258/d10-x01-y01#7:9   0.0   # 9 bins from 17 to 95
# /ZEUS_2012_I1116258/d11-x01-y01   0.0   # 13 bins from -0.75 to 2.5
# /ZEUS_2012_I1116258/d12-x01-y01   0.0   # 13 bins from -0.75 to 2.5
#
# Mean contribution:
#
# /ZEUS_2012_I1116258/d01-x01-y01	8.851256
# /ZEUS_2012_I1116258/d04-x01-y01	22.780894
# /ZEUS_2012_I1116258/d05-x01-y01	26.509640
# /ZEUS_2012_I1116258/d06-x01-y01	39.686059
# /ZEUS_2012_I1116258/d07-x01-y01	23.008495
# /ZEUS_2012_I1116258/d08-x01-y01	22.442236
# /ZEUS_2012_I1116258/d09-x01-y01	21.598432
# /ZEUS_2012_I1116258/d10-x01-y01	30.861021
