# ProfVersion: 2.3.3
# Date: 2023-03-23 23:53:43
# InterpolationFile: /home/anarendran/Documents/CEDAR_stuff/apfel-code-for-photon-pdfs/IPOL/ZEUS_2012_redone2/ipol.dat
# DataDirectory: /home/anarendran/Documents/CEDAR_stuff/apfel-code-for-photon-pdfs/IPOL/ZEUS_2012_redone2/prof_refdata_72
#
# Limits:
#	PDF_APL  	0.000965 0.998800
#	PDF_BPL  	-0.977988 1.974870
#	PDF_AHAD 	0.001407 0.999209
#	PDF_BHAD 	-0.986509 1.998866
#	PDF_AHADG	0.004202 1.996735
#	PDF_BHADG	-0.989979 1.485580
#	SCALE    	0.256464 6.313484
#
# Fixed:
#
# Minimisation result:
#
# GOF 1028.948720
# UNITGOF 1028.948720
# NDOF 33.000000
PDF_APL  	0.478790
PDF_BPL  	-0.400162
PDF_AHAD 	0.451807
PDF_BHAD 	0.960791
PDF_AHADG	1.045568
PDF_BHADG	-0.123111
SCALE    	2.920164
#
# MIGRAD errors:
#
# PDF_APL  	1.834482e-04
# PDF_BPL  	1.191816e-03
# PDF_AHAD 	6.721352e-05
# PDF_BHAD 	5.728742e-04
# PDF_AHADG	9.479970e-04
# PDF_BHADG	4.484515e-04
# SCALE    	4.083694e+00
#
# Correlation matrix:
#
# PDF_APL      1.000000e+00   -9.989671e-01    2.746717e-01    1.340312e-01   -9.928073e-01   -4.301561e-01    1.585116e-02
# PDF_BPL     -9.989671e-01    1.000000e+00   -2.892468e-01   -1.190841e-01    9.916893e-01    4.159712e-01   -1.584227e-02
# PDF_AHAD     2.746717e-01   -2.892468e-01    1.000000e+00   -9.149008e-01   -1.639376e-01    7.494540e-01    3.000933e-03
# PDF_BHAD     1.340312e-01   -1.190841e-01   -9.149008e-01    1.000000e+00   -2.457346e-01   -9.520866e-01    3.529144e-03
# PDF_AHADG   -9.928073e-01    9.916893e-01   -1.639376e-01   -2.457346e-01    1.000000e+00    5.294475e-01   -1.592336e-02
# PDF_BHADG   -4.301561e-01    4.159712e-01    7.494540e-01   -9.520866e-01    5.294475e-01    1.000000e+00   -8.093525e-03
# SCALE        1.585116e-02   -1.584227e-02    3.000933e-03    3.529144e-03   -1.592336e-02   -8.093525e-03    1.000000e+00
#
# Covariance matrix:
#
# PDF_APL      3.365324e-08   -2.184106e-07    3.386756e-09    1.408570e-08   -1.726575e-07   -3.538791e-08    3.115343e-04
# PDF_BPL     -2.184106e-07    1.420425e-06   -2.317045e-08   -8.130593e-08    1.120448e-06    2.223248e-07   -2.022824e-03
# PDF_AHAD     3.386756e-09   -2.317045e-08    4.517657e-09   -3.522816e-08   -1.044581e-08    2.259004e-08    2.160948e-05
# PDF_BHAD     1.408570e-08   -8.130593e-08   -3.522816e-08    3.281849e-07   -1.334543e-07   -2.445970e-07    2.166009e-04
# PDF_AHADG   -1.726575e-07    1.120448e-06   -1.044581e-08   -1.334543e-07    8.986986e-07    2.250844e-07   -1.617236e-03
# PDF_BHADG   -3.538791e-08    2.223248e-07    2.259004e-08   -2.445970e-07    2.250844e-07    2.011087e-07   -3.888522e-04
# SCALE        3.115343e-04   -2.022824e-03    2.160948e-05    2.166009e-04   -1.617236e-03   -3.888522e-04    1.147791e+04
#
#
# Weights used
#
# /ZEUS_2012_I1116258/d01-x01-y01#0:4   1.0   # 9 bins from 17 to 95
# /ZEUS_2012_I1116258/d01-x01-y01#4:9   0.0   # 9 bins from 17 to 95
# /ZEUS_2012_I1116258/d02-x01-y01   0.0   # 13 bins from -0.75 to 2.5
# /ZEUS_2012_I1116258/d03-x01-y01   0.0   # 13 bins from -0.75 to 2.5
# /ZEUS_2012_I1116258/d04-x01-y01   1.0   # 5 bins from 17 to 41
# /ZEUS_2012_I1116258/d05-x01-y01#0:3   1.0   # 9 bins from 17 to 95
# /ZEUS_2012_I1116258/d05-x01-y01#3:9   0.0   # 9 bins from 17 to 95
# /ZEUS_2012_I1116258/d06-x01-y01#0:6   1.0   # 9 bins from 17 to 95
# /ZEUS_2012_I1116258/d06-x01-y01#6:9   0.0   # 9 bins from 17 to 95
# /ZEUS_2012_I1116258/d07-x01-y01#0:7   1.0   # 9 bins from 17 to 95
# /ZEUS_2012_I1116258/d07-x01-y01#7:9   0.0   # 9 bins from 17 to 95
# /ZEUS_2012_I1116258/d08-x01-y01#0:2   1.0   # 9 bins from 17 to 95
# /ZEUS_2012_I1116258/d08-x01-y01#2:9   0.0   # 9 bins from 17 to 95
# /ZEUS_2012_I1116258/d09-x01-y01#0:6   1.0   # 9 bins from 17 to 95
# /ZEUS_2012_I1116258/d09-x01-y01#6:9   0.0   # 9 bins from 17 to 95
# /ZEUS_2012_I1116258/d10-x01-y01#0:7   1.0   # 9 bins from 17 to 95
# /ZEUS_2012_I1116258/d10-x01-y01#7:9   0.0   # 9 bins from 17 to 95
# /ZEUS_2012_I1116258/d11-x01-y01   0.0   # 13 bins from -0.75 to 2.5
# /ZEUS_2012_I1116258/d12-x01-y01   0.0   # 13 bins from -0.75 to 2.5
#
# Mean contribution:
#
# /ZEUS_2012_I1116258/d01-x01-y01	3.592320
# /ZEUS_2012_I1116258/d04-x01-y01	19.071551
# /ZEUS_2012_I1116258/d05-x01-y01	30.044561
# /ZEUS_2012_I1116258/d06-x01-y01	42.671227
# /ZEUS_2012_I1116258/d07-x01-y01	27.594408
# /ZEUS_2012_I1116258/d08-x01-y01	22.681500
# /ZEUS_2012_I1116258/d09-x01-y01	21.706416
# /ZEUS_2012_I1116258/d10-x01-y01	29.185470
