# ProfVersion: 2.3.3
# Date: 2023-03-23 23:51:53
# InterpolationFile: /home/anarendran/Documents/CEDAR_stuff/apfel-code-for-photon-pdfs/IPOL/ZEUS_2012_redone2/ipol.dat
# DataDirectory: /home/anarendran/Documents/CEDAR_stuff/apfel-code-for-photon-pdfs/IPOL/ZEUS_2012_redone2/prof_refdata_11
#
# Limits:
#	PDF_APL  	0.000965 0.998800
#	PDF_BPL  	-0.977988 1.974870
#	PDF_AHAD 	0.001407 0.999209
#	PDF_BHAD 	-0.986509 1.998866
#	PDF_AHADG	0.004202 1.996735
#	PDF_BHADG	-0.989979 1.485580
#	SCALE    	0.256464 6.313484
#
# Fixed:
#
# Minimisation result:
#
# GOF 977.644348
# UNITGOF 977.644348
# NDOF 33.000000
PDF_APL  	0.479016
PDF_BPL  	-0.398237
PDF_AHAD 	0.451555
PDF_BHAD 	0.959632
PDF_AHADG	1.045532
PDF_BHADG	-0.122130
SCALE    	3.634573
#
# MIGRAD errors:
#
# PDF_APL  	2.407117e-04
# PDF_BPL  	1.461047e-03
# PDF_AHAD 	7.150958e-05
# PDF_BHAD 	6.378469e-04
# PDF_AHADG	1.197222e-03
# PDF_BHADG	5.507752e-04
# SCALE    	4.650901e+00
#
# Correlation matrix:
#
# PDF_APL      1.000000e+00   -9.991082e-01    4.075992e-02    2.937698e-01   -9.956786e-01   -6.063565e-01    2.319276e-02
# PDF_BPL     -9.991082e-01    1.000000e+00   -6.719199e-02   -2.683618e-01    9.933961e-01    5.847728e-01   -2.326674e-02
# PDF_AHAD     4.075992e-02   -6.719199e-02    1.000000e+00   -9.422192e-01    4.754010e-02    7.695260e-01    3.589745e-03
# PDF_BHAD     2.937698e-01   -2.683618e-01   -9.422192e-01    1.000000e+00   -3.770494e-01   -9.381099e-01    4.283481e-03
# PDF_AHADG   -9.956786e-01    9.933961e-01    4.754010e-02   -3.770494e-01    1.000000e+00    6.739449e-01   -2.287989e-02
# PDF_BHADG   -6.063565e-01    5.847728e-01    7.695260e-01   -9.381099e-01    6.739449e-01    1.000000e+00   -1.195653e-02
# SCALE        2.319276e-02   -2.326674e-02    3.589745e-03    4.283481e-03   -2.287989e-02   -1.195653e-02    1.000000e+00
#
# Covariance matrix:
#
# PDF_APL      5.794214e-08   -3.513777e-07    7.016084e-10    4.510460e-08   -2.869401e-07   -8.038956e-08    5.998101e-04
# PDF_BPL     -3.513777e-07    2.134660e-06   -7.020145e-09   -2.500930e-07    1.737648e-06    4.705718e-07   -3.652280e-03
# PDF_AHAD     7.016084e-10   -7.020145e-09    5.113620e-09   -4.297666e-08    4.070044e-09    3.030832e-08    2.757985e-05
# PDF_BHAD     4.510460e-08   -2.500930e-07   -4.297666e-08    4.068487e-07   -2.879318e-07   -3.295676e-07    2.935468e-04
# PDF_AHADG   -2.869401e-07    1.737648e-06    4.070044e-09   -2.879318e-07    1.433342e-06    4.443995e-07   -2.943018e-03
# PDF_BHADG   -8.038956e-08    4.705718e-07    3.030832e-08   -3.295676e-07    4.443995e-07    3.033533e-07   -7.075278e-04
# SCALE        5.998101e-04   -3.652280e-03    2.757985e-05    2.935468e-04   -2.943018e-03   -7.075278e-04    1.154325e+04
#
#
# Weights used
#
# /ZEUS_2012_I1116258/d01-x01-y01#0:4   1.0   # 9 bins from 17 to 95
# /ZEUS_2012_I1116258/d01-x01-y01#4:9   0.0   # 9 bins from 17 to 95
# /ZEUS_2012_I1116258/d02-x01-y01   0.0   # 13 bins from -0.75 to 2.5
# /ZEUS_2012_I1116258/d03-x01-y01   0.0   # 13 bins from -0.75 to 2.5
# /ZEUS_2012_I1116258/d04-x01-y01   1.0   # 5 bins from 17 to 41
# /ZEUS_2012_I1116258/d05-x01-y01#0:3   1.0   # 9 bins from 17 to 95
# /ZEUS_2012_I1116258/d05-x01-y01#3:9   0.0   # 9 bins from 17 to 95
# /ZEUS_2012_I1116258/d06-x01-y01#0:6   1.0   # 9 bins from 17 to 95
# /ZEUS_2012_I1116258/d06-x01-y01#6:9   0.0   # 9 bins from 17 to 95
# /ZEUS_2012_I1116258/d07-x01-y01#0:7   1.0   # 9 bins from 17 to 95
# /ZEUS_2012_I1116258/d07-x01-y01#7:9   0.0   # 9 bins from 17 to 95
# /ZEUS_2012_I1116258/d08-x01-y01#0:2   1.0   # 9 bins from 17 to 95
# /ZEUS_2012_I1116258/d08-x01-y01#2:9   0.0   # 9 bins from 17 to 95
# /ZEUS_2012_I1116258/d09-x01-y01#0:6   1.0   # 9 bins from 17 to 95
# /ZEUS_2012_I1116258/d09-x01-y01#6:9   0.0   # 9 bins from 17 to 95
# /ZEUS_2012_I1116258/d10-x01-y01#0:7   1.0   # 9 bins from 17 to 95
# /ZEUS_2012_I1116258/d10-x01-y01#7:9   0.0   # 9 bins from 17 to 95
# /ZEUS_2012_I1116258/d11-x01-y01   0.0   # 13 bins from -0.75 to 2.5
# /ZEUS_2012_I1116258/d12-x01-y01   0.0   # 13 bins from -0.75 to 2.5
#
# Mean contribution:
#
# /ZEUS_2012_I1116258/d01-x01-y01	5.335726
# /ZEUS_2012_I1116258/d04-x01-y01	25.973707
# /ZEUS_2012_I1116258/d05-x01-y01	27.636514
# /ZEUS_2012_I1116258/d06-x01-y01	32.974120
# /ZEUS_2012_I1116258/d07-x01-y01	25.755284
# /ZEUS_2012_I1116258/d08-x01-y01	21.118180
# /ZEUS_2012_I1116258/d09-x01-y01	21.731542
# /ZEUS_2012_I1116258/d10-x01-y01	27.538006
