# ProfVersion: 2.3.3
# Date: 2023-03-23 23:52:23
# InterpolationFile: /home/anarendran/Documents/CEDAR_stuff/apfel-code-for-photon-pdfs/IPOL/ZEUS_2012_redone2/ipol.dat
# DataDirectory: /home/anarendran/Documents/CEDAR_stuff/apfel-code-for-photon-pdfs/IPOL/ZEUS_2012_redone2/prof_refdata_27
#
# Limits:
#	PDF_APL  	0.000965 0.998800
#	PDF_BPL  	-0.977988 1.974870
#	PDF_AHAD 	0.001407 0.999209
#	PDF_BHAD 	-0.986509 1.998866
#	PDF_AHADG	0.004202 1.996735
#	PDF_BHADG	-0.989979 1.485580
#	SCALE    	0.256464 6.313484
#
# Fixed:
#
# Minimisation result:
#
# GOF 1088.483789
# UNITGOF 1088.483789
# NDOF 33.000000
PDF_APL  	0.479063
PDF_BPL  	-0.399638
PDF_AHAD 	0.451765
PDF_BHAD 	0.960971
PDF_AHADG	1.045420
PDF_BHADG	-0.123331
SCALE    	1.943842
#
# MIGRAD errors:
#
# PDF_APL  	1.762182e-04
# PDF_BPL  	1.207800e-03
# PDF_AHAD 	6.917084e-05
# PDF_BHAD 	5.876143e-04
# PDF_AHADG	9.557688e-04
# PDF_BHADG	4.580333e-04
# SCALE    	5.155395e+00
#
# Correlation matrix:
#
# PDF_APL      1.000000e+00   -9.988258e-01    2.443874e-01    1.480336e-01   -9.926371e-01   -4.208994e-01   -1.182430e-03
# PDF_BPL     -9.988258e-01    1.000000e+00   -2.618547e-01   -1.303887e-01    9.912171e-01    4.041101e-01    1.149372e-03
# PDF_AHAD     2.443874e-01   -2.618547e-01    1.000000e+00   -9.216177e-01   -1.321676e-01    7.762604e-01    1.385443e-03
# PDF_BHAD     1.480336e-01   -1.303887e-01   -9.216177e-01    1.000000e+00   -2.602480e-01   -9.592500e-01   -1.889583e-03
# PDF_AHADG   -9.926371e-01    9.912171e-01   -1.321676e-01   -2.602480e-01    1.000000e+00    5.214583e-01    1.371410e-03
# PDF_BHADG   -4.208994e-01    4.041101e-01    7.762604e-01   -9.592500e-01    5.214583e-01    1.000000e+00    2.068417e-03
# SCALE       -1.182430e-03    1.149372e-03    1.385443e-03   -1.889583e-03    1.371410e-03    2.068417e-03    1.000000e+00
#
# Covariance matrix:
#
# PDF_APL      3.105284e-08   -2.125865e-07    2.978877e-09    1.532863e-08   -1.671838e-07   -3.397238e-08   -2.033849e-05
# PDF_BPL     -2.125865e-07    1.458782e-06   -2.187654e-08   -9.253962e-08    1.144240e-06    2.235589e-07    1.355029e-04
# PDF_AHAD     2.978877e-09   -2.187654e-08    4.784606e-09   -3.745987e-08   -8.737775e-09    2.459391e-08    9.354153e-06
# PDF_BHAD     1.532863e-08   -9.253962e-08   -3.745987e-08    3.452905e-07   -1.461614e-07   -2.581792e-07   -1.083804e-04
# PDF_AHADG   -1.671838e-07    1.144240e-06   -8.737775e-09   -1.461614e-07    9.134943e-07    2.282809e-07    1.279419e-04
# PDF_BHADG   -3.397238e-08    2.235589e-07    2.459391e-08   -2.581792e-07    2.282809e-07    2.097945e-07    9.247573e-05
# SCALE       -2.033849e-05    1.355029e-04    9.354153e-06   -1.083804e-04    1.279419e-04    9.247573e-05    9.527640e+03
#
#
# Weights used
#
# /ZEUS_2012_I1116258/d01-x01-y01#0:4   1.0   # 9 bins from 17 to 95
# /ZEUS_2012_I1116258/d01-x01-y01#4:9   0.0   # 9 bins from 17 to 95
# /ZEUS_2012_I1116258/d02-x01-y01   0.0   # 13 bins from -0.75 to 2.5
# /ZEUS_2012_I1116258/d03-x01-y01   0.0   # 13 bins from -0.75 to 2.5
# /ZEUS_2012_I1116258/d04-x01-y01   1.0   # 5 bins from 17 to 41
# /ZEUS_2012_I1116258/d05-x01-y01#0:3   1.0   # 9 bins from 17 to 95
# /ZEUS_2012_I1116258/d05-x01-y01#3:9   0.0   # 9 bins from 17 to 95
# /ZEUS_2012_I1116258/d06-x01-y01#0:6   1.0   # 9 bins from 17 to 95
# /ZEUS_2012_I1116258/d06-x01-y01#6:9   0.0   # 9 bins from 17 to 95
# /ZEUS_2012_I1116258/d07-x01-y01#0:7   1.0   # 9 bins from 17 to 95
# /ZEUS_2012_I1116258/d07-x01-y01#7:9   0.0   # 9 bins from 17 to 95
# /ZEUS_2012_I1116258/d08-x01-y01#0:2   1.0   # 9 bins from 17 to 95
# /ZEUS_2012_I1116258/d08-x01-y01#2:9   0.0   # 9 bins from 17 to 95
# /ZEUS_2012_I1116258/d09-x01-y01#0:6   1.0   # 9 bins from 17 to 95
# /ZEUS_2012_I1116258/d09-x01-y01#6:9   0.0   # 9 bins from 17 to 95
# /ZEUS_2012_I1116258/d10-x01-y01#0:7   1.0   # 9 bins from 17 to 95
# /ZEUS_2012_I1116258/d10-x01-y01#7:9   0.0   # 9 bins from 17 to 95
# /ZEUS_2012_I1116258/d11-x01-y01   0.0   # 13 bins from -0.75 to 2.5
# /ZEUS_2012_I1116258/d12-x01-y01   0.0   # 13 bins from -0.75 to 2.5
#
# Mean contribution:
#
# /ZEUS_2012_I1116258/d01-x01-y01	7.277319
# /ZEUS_2012_I1116258/d04-x01-y01	24.427044
# /ZEUS_2012_I1116258/d05-x01-y01	32.661380
# /ZEUS_2012_I1116258/d06-x01-y01	46.230416
# /ZEUS_2012_I1116258/d07-x01-y01	25.251420
# /ZEUS_2012_I1116258/d08-x01-y01	24.316582
# /ZEUS_2012_I1116258/d09-x01-y01	20.810004
# /ZEUS_2012_I1116258/d10-x01-y01	30.231361
