# ProfVersion: 2.3.3
# Date: 2023-03-23 23:51:55
# InterpolationFile: /home/anarendran/Documents/CEDAR_stuff/apfel-code-for-photon-pdfs/IPOL/ZEUS_2012_redone2/ipol.dat
# DataDirectory: /home/anarendran/Documents/CEDAR_stuff/apfel-code-for-photon-pdfs/IPOL/ZEUS_2012_redone2/prof_refdata_12
#
# Limits:
#	PDF_APL  	0.000965 0.998800
#	PDF_BPL  	-0.977988 1.974870
#	PDF_AHAD 	0.001407 0.999209
#	PDF_BHAD 	-0.986509 1.998866
#	PDF_AHADG	0.004202 1.996735
#	PDF_BHADG	-0.989979 1.485580
#	SCALE    	0.256464 6.313484
#
# Fixed:
#
# Minimisation result:
#
# GOF 1032.769156
# UNITGOF 1032.769156
# NDOF 33.000000
PDF_APL  	0.477800
PDF_BPL  	-0.400278
PDF_AHAD 	0.452059
PDF_BHAD 	0.962135
PDF_AHADG	1.046761
PDF_BHADG	-0.122835
SCALE    	0.859918
#
# MIGRAD errors:
#
# PDF_APL  	2.503095e-04
# PDF_BPL  	1.629590e-03
# PDF_AHAD 	6.848171e-05
# PDF_BHAD 	6.910200e-04
# PDF_AHADG	1.324317e-03
# PDF_BHADG	6.124448e-04
# SCALE    	3.329135e+00
#
# Correlation matrix:
#
# PDF_APL      1.000000e+00   -9.995045e-01    2.788300e-02    4.607994e-01   -9.951653e-01   -6.994608e-01    2.334196e-03
# PDF_BPL     -9.995045e-01    1.000000e+00   -2.841053e-02   -4.604108e-01    9.954925e-01    6.988690e-01   -2.334982e-03
# PDF_AHAD     2.788300e-02   -2.841053e-02    1.000000e+00   -8.733763e-01    6.634035e-02    6.945745e-01   -1.814692e-03
# PDF_BHAD     4.607994e-01   -4.604108e-01   -8.733763e-01    1.000000e+00   -5.424617e-01   -9.564762e-01    2.747155e-03
# PDF_AHADG   -9.951653e-01    9.954925e-01    6.634035e-02   -5.424617e-01    1.000000e+00    7.635150e-01   -2.502938e-03
# PDF_BHADG   -6.994608e-01    6.988690e-01    6.945745e-01   -9.564762e-01    7.635150e-01    1.000000e+00   -2.978012e-03
# SCALE        2.334196e-03   -2.334982e-03   -1.814692e-03    2.747155e-03   -2.502938e-03   -2.978012e-03    1.000000e+00
#
# Covariance matrix:
#
# PDF_APL      6.265485e-08   -4.076999e-07    4.779600e-10    7.970395e-08   -3.298865e-07   -1.072279e-07    3.829773e-05
# PDF_BPL     -4.076999e-07    2.655565e-06   -3.170534e-09   -5.184592e-07    2.148367e-06    6.974951e-07   -2.494137e-04
# PDF_AHAD     4.779600e-10   -3.170534e-09    4.689744e-09   -4.133012e-08    6.016505e-09    2.913133e-08   -8.145840e-06
# PDF_BHAD     7.970395e-08   -5.184592e-07   -4.133012e-08    4.775087e-07   -4.964227e-07   -4.047918e-07    1.244320e-04
# PDF_AHADG   -3.298865e-07    2.148367e-06    6.016505e-09   -4.964227e-07    1.753816e-06    6.192650e-07   -2.172703e-04
# PDF_BHADG   -1.072279e-07    6.974951e-07    2.913133e-08   -4.047918e-07    6.192650e-07    3.750886e-07   -1.195506e-04
# SCALE        3.829773e-05   -2.494137e-04   -8.145840e-06    1.244320e-04   -2.172703e-04   -1.195506e-04    4.296519e+03
#
#
# Weights used
#
# /ZEUS_2012_I1116258/d01-x01-y01#0:4   1.0   # 9 bins from 17 to 95
# /ZEUS_2012_I1116258/d01-x01-y01#4:9   0.0   # 9 bins from 17 to 95
# /ZEUS_2012_I1116258/d02-x01-y01   0.0   # 13 bins from -0.75 to 2.5
# /ZEUS_2012_I1116258/d03-x01-y01   0.0   # 13 bins from -0.75 to 2.5
# /ZEUS_2012_I1116258/d04-x01-y01   1.0   # 5 bins from 17 to 41
# /ZEUS_2012_I1116258/d05-x01-y01#0:3   1.0   # 9 bins from 17 to 95
# /ZEUS_2012_I1116258/d05-x01-y01#3:9   0.0   # 9 bins from 17 to 95
# /ZEUS_2012_I1116258/d06-x01-y01#0:6   1.0   # 9 bins from 17 to 95
# /ZEUS_2012_I1116258/d06-x01-y01#6:9   0.0   # 9 bins from 17 to 95
# /ZEUS_2012_I1116258/d07-x01-y01#0:7   1.0   # 9 bins from 17 to 95
# /ZEUS_2012_I1116258/d07-x01-y01#7:9   0.0   # 9 bins from 17 to 95
# /ZEUS_2012_I1116258/d08-x01-y01#0:2   1.0   # 9 bins from 17 to 95
# /ZEUS_2012_I1116258/d08-x01-y01#2:9   0.0   # 9 bins from 17 to 95
# /ZEUS_2012_I1116258/d09-x01-y01#0:6   1.0   # 9 bins from 17 to 95
# /ZEUS_2012_I1116258/d09-x01-y01#6:9   0.0   # 9 bins from 17 to 95
# /ZEUS_2012_I1116258/d10-x01-y01#0:7   1.0   # 9 bins from 17 to 95
# /ZEUS_2012_I1116258/d10-x01-y01#7:9   0.0   # 9 bins from 17 to 95
# /ZEUS_2012_I1116258/d11-x01-y01   0.0   # 13 bins from -0.75 to 2.5
# /ZEUS_2012_I1116258/d12-x01-y01   0.0   # 13 bins from -0.75 to 2.5
#
# Mean contribution:
#
# /ZEUS_2012_I1116258/d01-x01-y01	6.614577
# /ZEUS_2012_I1116258/d04-x01-y01	26.618485
# /ZEUS_2012_I1116258/d05-x01-y01	21.730905
# /ZEUS_2012_I1116258/d06-x01-y01	42.350457
# /ZEUS_2012_I1116258/d07-x01-y01	25.665821
# /ZEUS_2012_I1116258/d08-x01-y01	21.163612
# /ZEUS_2012_I1116258/d09-x01-y01	19.804701
# /ZEUS_2012_I1116258/d10-x01-y01	30.443826
