# ProfVersion: 2.3.3
# Date: 2023-03-23 23:53:51
# InterpolationFile: /home/anarendran/Documents/CEDAR_stuff/apfel-code-for-photon-pdfs/IPOL/ZEUS_2012_redone2/ipol.dat
# DataDirectory: /home/anarendran/Documents/CEDAR_stuff/apfel-code-for-photon-pdfs/IPOL/ZEUS_2012_redone2/prof_refdata_76
#
# Limits:
#	PDF_APL  	0.000965 0.998800
#	PDF_BPL  	-0.977988 1.974870
#	PDF_AHAD 	0.001407 0.999209
#	PDF_BHAD 	-0.986509 1.998866
#	PDF_AHADG	0.004202 1.996735
#	PDF_BHADG	-0.989979 1.485580
#	SCALE    	0.256464 6.313484
#
# Fixed:
#
# Minimisation result:
#
# GOF 1085.257354
# UNITGOF 1085.257354
# NDOF 33.000000
PDF_APL  	0.478434
PDF_BPL  	-0.397661
PDF_AHAD 	0.451876
PDF_BHAD 	0.959915
PDF_AHADG	1.047572
PDF_BHADG	-0.122066
SCALE    	6.311580
#
# MIGRAD errors:
#
# PDF_APL  	1.321051e-04
# PDF_BPL  	8.626691e-04
# PDF_AHAD 	6.936089e-05
# PDF_BHAD 	6.381667e-04
# PDF_AHADG	7.184005e-04
# PDF_BHADG	5.021830e-04
# SCALE    	5.350849e+00
#
# Correlation matrix:
#
# PDF_APL      1.000000e+00   -9.980317e-01   -6.724256e-02    3.222535e-01   -9.857080e-01   -5.034135e-01   -1.631505e-02
# PDF_BPL     -9.980317e-01    1.000000e+00    4.794566e-02   -3.040573e-01    9.837506e-01    4.861201e-01    1.617284e-02
# PDF_AHAD    -6.724256e-02    4.794566e-02    1.000000e+00   -9.651791e-01    2.261799e-01    8.955571e-01    9.433930e-03
# PDF_BHAD     3.222535e-01   -3.040573e-01   -9.651791e-01    1.000000e+00   -4.700323e-01   -9.800412e-01   -1.318292e-02
# PDF_AHADG   -9.857080e-01    9.837506e-01    2.261799e-01   -4.700323e-01    1.000000e+00    6.350412e-01    1.746695e-02
# PDF_BHADG   -5.034135e-01    4.861201e-01    8.955571e-01   -9.800412e-01    6.350412e-01    1.000000e+00    1.544264e-02
# SCALE       -1.631505e-02    1.617284e-02    9.433930e-03   -1.318292e-02    1.746695e-02    1.544264e-02    1.000000e+00
#
# Covariance matrix:
#
# PDF_APL      1.745177e-08   -1.137387e-07   -6.161389e-10    2.716761e-08   -9.354803e-08   -3.339693e-08   -8.222700e-06
# PDF_BPL     -1.137387e-07    7.441982e-07    2.868853e-09   -1.673917e-07    6.096716e-07    2.105959e-07    5.322759e-05
# PDF_AHAD    -6.161389e-10    2.868853e-09    4.810934e-09   -4.272251e-08    1.127030e-08    3.119393e-08    2.496397e-06
# PDF_BHAD     2.716761e-08   -1.673917e-07   -4.272251e-08    4.072568e-07   -2.154907e-07   -3.140802e-07   -3.209608e-05
# PDF_AHADG   -9.354803e-08    6.096716e-07    1.127030e-08   -2.154907e-07    5.160994e-07    2.291029e-07    4.787294e-05
# PDF_BHADG   -3.339693e-08    2.105959e-07    3.119393e-08   -3.140802e-07    2.291029e-07    2.521878e-07    2.958624e-05
# SCALE       -8.222700e-06    5.322759e-05    2.496397e-06   -3.209608e-05    4.787294e-05    2.958624e-05    1.455502e+01
#
#
# Weights used
#
# /ZEUS_2012_I1116258/d01-x01-y01#0:4   1.0   # 9 bins from 17 to 95
# /ZEUS_2012_I1116258/d01-x01-y01#4:9   0.0   # 9 bins from 17 to 95
# /ZEUS_2012_I1116258/d02-x01-y01   0.0   # 13 bins from -0.75 to 2.5
# /ZEUS_2012_I1116258/d03-x01-y01   0.0   # 13 bins from -0.75 to 2.5
# /ZEUS_2012_I1116258/d04-x01-y01   1.0   # 5 bins from 17 to 41
# /ZEUS_2012_I1116258/d05-x01-y01#0:3   1.0   # 9 bins from 17 to 95
# /ZEUS_2012_I1116258/d05-x01-y01#3:9   0.0   # 9 bins from 17 to 95
# /ZEUS_2012_I1116258/d06-x01-y01#0:6   1.0   # 9 bins from 17 to 95
# /ZEUS_2012_I1116258/d06-x01-y01#6:9   0.0   # 9 bins from 17 to 95
# /ZEUS_2012_I1116258/d07-x01-y01#0:7   1.0   # 9 bins from 17 to 95
# /ZEUS_2012_I1116258/d07-x01-y01#7:9   0.0   # 9 bins from 17 to 95
# /ZEUS_2012_I1116258/d08-x01-y01#0:2   1.0   # 9 bins from 17 to 95
# /ZEUS_2012_I1116258/d08-x01-y01#2:9   0.0   # 9 bins from 17 to 95
# /ZEUS_2012_I1116258/d09-x01-y01#0:6   1.0   # 9 bins from 17 to 95
# /ZEUS_2012_I1116258/d09-x01-y01#6:9   0.0   # 9 bins from 17 to 95
# /ZEUS_2012_I1116258/d10-x01-y01#0:7   1.0   # 9 bins from 17 to 95
# /ZEUS_2012_I1116258/d10-x01-y01#7:9   0.0   # 9 bins from 17 to 95
# /ZEUS_2012_I1116258/d11-x01-y01   0.0   # 13 bins from -0.75 to 2.5
# /ZEUS_2012_I1116258/d12-x01-y01   0.0   # 13 bins from -0.75 to 2.5
#
# Mean contribution:
#
# /ZEUS_2012_I1116258/d01-x01-y01	3.934985
# /ZEUS_2012_I1116258/d04-x01-y01	24.526098
# /ZEUS_2012_I1116258/d05-x01-y01	31.108927
# /ZEUS_2012_I1116258/d06-x01-y01	42.912622
# /ZEUS_2012_I1116258/d07-x01-y01	28.361885
# /ZEUS_2012_I1116258/d08-x01-y01	23.881257
# /ZEUS_2012_I1116258/d09-x01-y01	23.694331
# /ZEUS_2012_I1116258/d10-x01-y01	29.660387
