# ProfVersion: 2.3.3
# Date: 2023-03-23 23:52:54
# InterpolationFile: /home/anarendran/Documents/CEDAR_stuff/apfel-code-for-photon-pdfs/IPOL/ZEUS_2012_redone2/ipol.dat
# DataDirectory: /home/anarendran/Documents/CEDAR_stuff/apfel-code-for-photon-pdfs/IPOL/ZEUS_2012_redone2/prof_refdata_44
#
# Limits:
#	PDF_APL  	0.000965 0.998800
#	PDF_BPL  	-0.977988 1.974870
#	PDF_AHAD 	0.001407 0.999209
#	PDF_BHAD 	-0.986509 1.998866
#	PDF_AHADG	0.004202 1.996735
#	PDF_BHADG	-0.989979 1.485580
#	SCALE    	0.256464 6.313484
#
# Fixed:
#
# Minimisation result:
#
# GOF 1029.058420
# UNITGOF 1029.058420
# NDOF 33.000000
PDF_APL  	0.478342
PDF_BPL  	-0.397911
PDF_AHAD 	0.451931
PDF_BHAD 	0.960047
PDF_AHADG	1.048414
PDF_BHADG	-0.122789
SCALE    	1.678671
#
# MIGRAD errors:
#
# PDF_APL  	2.722103e-04
# PDF_BPL  	1.682879e-03
# PDF_AHAD 	7.079412e-05
# PDF_BHAD 	7.070253e-04
# PDF_AHADG	1.379680e-03
# PDF_BHADG	6.448063e-04
# SCALE    	3.238423e+00
#
# Correlation matrix:
#
# PDF_APL      1.000000e+00   -9.994535e-01   -3.215387e-03    4.731647e-01   -9.964160e-01   -7.209769e-01    2.866052e-02
# PDF_BPL     -9.994535e-01    1.000000e+00   -1.236684e-02   -4.594205e-01    9.953537e-01    7.098873e-01   -2.866502e-02
# PDF_AHAD    -3.215387e-03   -1.236684e-02    1.000000e+00   -8.816301e-01    8.379660e-02    6.949935e-01    2.628131e-05
# PDF_BHAD     4.731647e-01   -4.594205e-01   -8.816301e-01    1.000000e+00   -5.427485e-01   -9.515183e-01    1.346027e-02
# PDF_AHADG   -9.964160e-01    9.953537e-01    8.379660e-02   -5.427485e-01    1.000000e+00    7.743676e-01   -2.856405e-02
# PDF_BHADG   -7.209769e-01    7.098873e-01    6.949935e-01   -9.515183e-01    7.743676e-01    1.000000e+00   -2.058275e-02
# SCALE        2.866052e-02   -2.866502e-02    2.628131e-05    1.346027e-02   -2.856405e-02   -2.058275e-02    1.000000e+00
#
# Covariance matrix:
#
# PDF_APL      7.409845e-08   -4.578467e-07   -6.196336e-11    9.106507e-08   -3.742173e-07   -1.265480e-07    7.180735e-04
# PDF_BPL     -4.578467e-07    2.832082e-06   -1.473360e-09   -5.466361e-07    2.311048e-06    7.703208e-07   -4.440025e-03
# PDF_AHAD    -6.196336e-11   -1.473360e-09    5.011808e-09   -4.412844e-08    8.184689e-09    3.172541e-08    1.712476e-07
# PDF_BHAD     9.106507e-08   -5.466361e-07   -4.412844e-08    4.998848e-07   -5.294344e-07   -4.337919e-07    8.759290e-04
# PDF_AHADG   -3.742173e-07    2.311048e-06    8.184689e-09   -5.294344e-07    1.903519e-06    6.888982e-07   -3.627259e-03
# PDF_BHADG   -1.265480e-07    7.703208e-07    3.172541e-08   -4.337919e-07    6.888982e-07    4.157752e-07   -1.221555e-03
# SCALE        7.180735e-04   -4.440025e-03    1.712476e-07    8.759290e-04   -3.627259e-03   -1.221555e-03    8.471503e+03
#
#
# Weights used
#
# /ZEUS_2012_I1116258/d01-x01-y01#0:4   1.0   # 9 bins from 17 to 95
# /ZEUS_2012_I1116258/d01-x01-y01#4:9   0.0   # 9 bins from 17 to 95
# /ZEUS_2012_I1116258/d02-x01-y01   0.0   # 13 bins from -0.75 to 2.5
# /ZEUS_2012_I1116258/d03-x01-y01   0.0   # 13 bins from -0.75 to 2.5
# /ZEUS_2012_I1116258/d04-x01-y01   1.0   # 5 bins from 17 to 41
# /ZEUS_2012_I1116258/d05-x01-y01#0:3   1.0   # 9 bins from 17 to 95
# /ZEUS_2012_I1116258/d05-x01-y01#3:9   0.0   # 9 bins from 17 to 95
# /ZEUS_2012_I1116258/d06-x01-y01#0:6   1.0   # 9 bins from 17 to 95
# /ZEUS_2012_I1116258/d06-x01-y01#6:9   0.0   # 9 bins from 17 to 95
# /ZEUS_2012_I1116258/d07-x01-y01#0:7   1.0   # 9 bins from 17 to 95
# /ZEUS_2012_I1116258/d07-x01-y01#7:9   0.0   # 9 bins from 17 to 95
# /ZEUS_2012_I1116258/d08-x01-y01#0:2   1.0   # 9 bins from 17 to 95
# /ZEUS_2012_I1116258/d08-x01-y01#2:9   0.0   # 9 bins from 17 to 95
# /ZEUS_2012_I1116258/d09-x01-y01#0:6   1.0   # 9 bins from 17 to 95
# /ZEUS_2012_I1116258/d09-x01-y01#6:9   0.0   # 9 bins from 17 to 95
# /ZEUS_2012_I1116258/d10-x01-y01#0:7   1.0   # 9 bins from 17 to 95
# /ZEUS_2012_I1116258/d10-x01-y01#7:9   0.0   # 9 bins from 17 to 95
# /ZEUS_2012_I1116258/d11-x01-y01   0.0   # 13 bins from -0.75 to 2.5
# /ZEUS_2012_I1116258/d12-x01-y01   0.0   # 13 bins from -0.75 to 2.5
#
# Mean contribution:
#
# /ZEUS_2012_I1116258/d01-x01-y01	10.418513
# /ZEUS_2012_I1116258/d04-x01-y01	18.263539
# /ZEUS_2012_I1116258/d05-x01-y01	31.405116
# /ZEUS_2012_I1116258/d06-x01-y01	36.149266
# /ZEUS_2012_I1116258/d07-x01-y01	25.995239
# /ZEUS_2012_I1116258/d08-x01-y01	20.881345
# /ZEUS_2012_I1116258/d09-x01-y01	22.002468
# /ZEUS_2012_I1116258/d10-x01-y01	32.744509
