# ProfVersion: 2.3.3
# Date: 2023-03-23 23:53:22
# InterpolationFile: /home/anarendran/Documents/CEDAR_stuff/apfel-code-for-photon-pdfs/IPOL/ZEUS_2012_redone2/ipol.dat
# DataDirectory: /home/anarendran/Documents/CEDAR_stuff/apfel-code-for-photon-pdfs/IPOL/ZEUS_2012_redone2/prof_refdata_60
#
# Limits:
#	PDF_APL  	0.000965 0.998800
#	PDF_BPL  	-0.977988 1.974870
#	PDF_AHAD 	0.001407 0.999209
#	PDF_BHAD 	-0.986509 1.998866
#	PDF_AHADG	0.004202 1.996735
#	PDF_BHADG	-0.989979 1.485580
#	SCALE    	0.256464 6.313484
#
# Fixed:
#
# Minimisation result:
#
# GOF 1047.469782
# UNITGOF 1047.469782
# NDOF 33.000000
PDF_APL  	0.479361
PDF_BPL  	-0.398102
PDF_AHAD 	0.451411
PDF_BHAD 	0.958691
PDF_AHADG	1.045086
PDF_BHADG	-0.121969
SCALE    	0.728355
#
# MIGRAD errors:
#
# PDF_APL  	2.168463e-04
# PDF_BPL  	1.286589e-03
# PDF_AHAD 	6.960250e-05
# PDF_BHAD 	6.474777e-04
# PDF_AHADG	1.093847e-03
# PDF_BHADG	5.727542e-04
# SCALE    	5.683129e+00
#
# Correlation matrix:
#
# PDF_APL      1.000000e+00   -9.987609e-01   -2.244343e-01    4.744264e-01   -9.956404e-01   -6.973098e-01   -2.628326e-02
# PDF_BPL     -9.987609e-01    1.000000e+00    1.916904e-01   -4.446789e-01    9.926290e-01    6.725738e-01    2.626991e-02
# PDF_AHAD    -2.244343e-01    1.916904e-01    1.000000e+00   -9.634320e-01    3.090072e-01    8.546984e-01    6.547677e-03
# PDF_BHAD     4.744264e-01   -4.446789e-01   -9.634320e-01    1.000000e+00   -5.498768e-01   -9.616717e-01   -1.306183e-02
# PDF_AHADG   -9.956404e-01    9.926290e-01    3.090072e-01   -5.498768e-01    1.000000e+00    7.572572e-01    2.626241e-02
# PDF_BHADG   -6.973098e-01    6.725738e-01    8.546984e-01   -9.616717e-01    7.572572e-01    1.000000e+00    1.880540e-02
# SCALE       -2.628326e-02    2.626991e-02    6.547677e-03   -1.306183e-02    2.626241e-02    1.880540e-02    1.000000e+00
#
# Covariance matrix:
#
# PDF_APL      4.702231e-08   -2.786464e-07   -3.387396e-09    6.661096e-08   -2.361626e-07   -8.660561e-08   -3.289653e-04
# PDF_BPL     -2.786464e-07    1.655313e-06    1.716585e-08   -3.704345e-07    1.396959e-06    4.956193e-07    1.950821e-03
# PDF_AHAD    -3.387396e-09    1.716585e-08    4.844508e-09   -4.341809e-08    2.352611e-08    3.407266e-08    2.630455e-05
# PDF_BHAD     6.661096e-08   -3.704345e-07   -4.341809e-08    4.192274e-07   -3.894456e-07   -3.566317e-07   -4.881437e-04
# PDF_AHADG   -2.361626e-07    1.396959e-06    2.352611e-08   -3.894456e-07    1.196502e-06    4.744258e-07    1.658097e-03
# PDF_BHADG   -8.660561e-08    4.956193e-07    3.407266e-08   -3.566317e-07    4.744258e-07    3.280474e-07    6.216838e-04
# SCALE       -3.289653e-04    1.950821e-03    2.630455e-05   -4.881437e-04    1.658097e-03    6.216838e-04    3.331483e+03
#
#
# Weights used
#
# /ZEUS_2012_I1116258/d01-x01-y01#0:4   1.0   # 9 bins from 17 to 95
# /ZEUS_2012_I1116258/d01-x01-y01#4:9   0.0   # 9 bins from 17 to 95
# /ZEUS_2012_I1116258/d02-x01-y01   0.0   # 13 bins from -0.75 to 2.5
# /ZEUS_2012_I1116258/d03-x01-y01   0.0   # 13 bins from -0.75 to 2.5
# /ZEUS_2012_I1116258/d04-x01-y01   1.0   # 5 bins from 17 to 41
# /ZEUS_2012_I1116258/d05-x01-y01#0:3   1.0   # 9 bins from 17 to 95
# /ZEUS_2012_I1116258/d05-x01-y01#3:9   0.0   # 9 bins from 17 to 95
# /ZEUS_2012_I1116258/d06-x01-y01#0:6   1.0   # 9 bins from 17 to 95
# /ZEUS_2012_I1116258/d06-x01-y01#6:9   0.0   # 9 bins from 17 to 95
# /ZEUS_2012_I1116258/d07-x01-y01#0:7   1.0   # 9 bins from 17 to 95
# /ZEUS_2012_I1116258/d07-x01-y01#7:9   0.0   # 9 bins from 17 to 95
# /ZEUS_2012_I1116258/d08-x01-y01#0:2   1.0   # 9 bins from 17 to 95
# /ZEUS_2012_I1116258/d08-x01-y01#2:9   0.0   # 9 bins from 17 to 95
# /ZEUS_2012_I1116258/d09-x01-y01#0:6   1.0   # 9 bins from 17 to 95
# /ZEUS_2012_I1116258/d09-x01-y01#6:9   0.0   # 9 bins from 17 to 95
# /ZEUS_2012_I1116258/d10-x01-y01#0:7   1.0   # 9 bins from 17 to 95
# /ZEUS_2012_I1116258/d10-x01-y01#7:9   0.0   # 9 bins from 17 to 95
# /ZEUS_2012_I1116258/d11-x01-y01   0.0   # 13 bins from -0.75 to 2.5
# /ZEUS_2012_I1116258/d12-x01-y01   0.0   # 13 bins from -0.75 to 2.5
#
# Mean contribution:
#
# /ZEUS_2012_I1116258/d01-x01-y01	3.247660
# /ZEUS_2012_I1116258/d04-x01-y01	23.648675
# /ZEUS_2012_I1116258/d05-x01-y01	23.323073
# /ZEUS_2012_I1116258/d06-x01-y01	47.332684
# /ZEUS_2012_I1116258/d07-x01-y01	22.526200
# /ZEUS_2012_I1116258/d08-x01-y01	23.595611
# /ZEUS_2012_I1116258/d09-x01-y01	25.169539
# /ZEUS_2012_I1116258/d10-x01-y01	29.482655
