# ProfVersion: 2.3.3
# Date: 2023-03-23 23:53:17
# InterpolationFile: /home/anarendran/Documents/CEDAR_stuff/apfel-code-for-photon-pdfs/IPOL/ZEUS_2012_redone2/ipol.dat
# DataDirectory: /home/anarendran/Documents/CEDAR_stuff/apfel-code-for-photon-pdfs/IPOL/ZEUS_2012_redone2/prof_refdata_57
#
# Limits:
#	PDF_APL  	0.000965 0.998800
#	PDF_BPL  	-0.977988 1.974870
#	PDF_AHAD 	0.001407 0.999209
#	PDF_BHAD 	-0.986509 1.998866
#	PDF_AHADG	0.004202 1.996735
#	PDF_BHADG	-0.989979 1.485580
#	SCALE    	0.256464 6.313484
#
# Fixed:
#
# Minimisation result:
#
# GOF 1045.778260
# UNITGOF 1045.778260
# NDOF 33.000000
PDF_APL  	0.478279
PDF_BPL  	-0.401794
PDF_AHAD 	0.452043
PDF_BHAD 	0.962442
PDF_AHADG	1.045051
PDF_BHADG	-0.123256
SCALE    	2.473144
#
# MIGRAD errors:
#
# PDF_APL  	1.717217e-04
# PDF_BPL  	1.052982e-03
# PDF_AHAD 	6.953318e-05
# PDF_BHAD 	6.275335e-04
# PDF_AHADG	8.677038e-04
# PDF_BHADG	5.129959e-04
# SCALE    	4.940399e+00
#
# Correlation matrix:
#
# PDF_APL      1.000000e+00   -9.987761e-01   -4.117599e-02    2.828046e-01   -9.907174e-01   -5.379384e-01    7.630699e-03
# PDF_BPL     -9.987761e-01    1.000000e+00    2.317868e-02   -2.654975e-01    9.890011e-01    5.222100e-01   -7.655788e-03
# PDF_AHAD    -4.117599e-02    2.317868e-02    1.000000e+00   -9.690699e-01    1.705266e-01    8.640844e-01    1.149275e-03
# PDF_BHAD     2.828046e-01   -2.654975e-01   -9.690699e-01    1.000000e+00   -4.050755e-01   -9.605678e-01    7.568105e-04
# PDF_AHADG   -9.907174e-01    9.890011e-01    1.705266e-01   -4.050755e-01    1.000000e+00    6.425406e-01   -7.376835e-03
# PDF_BHADG   -5.379384e-01    5.222100e-01    8.640844e-01   -9.605678e-01    6.425406e-01    1.000000e+00   -2.871716e-03
# SCALE        7.630699e-03   -7.655788e-03    1.149275e-03    7.568105e-04   -7.376835e-03   -2.871716e-03    1.000000e+00
#
# Covariance matrix:
#
# PDF_APL      2.948836e-08   -1.805986e-07   -4.916561e-10    3.047534e-08   -1.476205e-07   -4.738836e-08    1.374879e-04
# PDF_BPL     -1.805986e-07    1.108771e-06    1.697078e-09   -1.754358e-07    9.036272e-07    2.820850e-07   -8.458353e-04
# PDF_AHAD    -4.916561e-10    1.697078e-09    4.834864e-09   -4.228478e-08    1.028859e-08    3.082210e-08    8.384769e-06
# PDF_BHAD     3.047534e-08   -1.754358e-07   -4.228478e-08    3.937983e-07   -2.205690e-07   -3.092280e-07    4.983093e-05
# PDF_AHADG   -1.476205e-07    9.036272e-07    1.028859e-08   -2.205690e-07    7.529101e-07    2.860132e-07   -6.716092e-04
# PDF_BHADG   -4.738836e-08    2.820850e-07    3.082210e-08   -3.092280e-07    2.860132e-07    2.631648e-07   -1.545718e-04
# SCALE        1.374879e-04   -8.458353e-04    8.384769e-06    4.983093e-05   -6.716092e-04   -1.545718e-04    1.100905e+04
#
#
# Weights used
#
# /ZEUS_2012_I1116258/d01-x01-y01#0:4   1.0   # 9 bins from 17 to 95
# /ZEUS_2012_I1116258/d01-x01-y01#4:9   0.0   # 9 bins from 17 to 95
# /ZEUS_2012_I1116258/d02-x01-y01   0.0   # 13 bins from -0.75 to 2.5
# /ZEUS_2012_I1116258/d03-x01-y01   0.0   # 13 bins from -0.75 to 2.5
# /ZEUS_2012_I1116258/d04-x01-y01   1.0   # 5 bins from 17 to 41
# /ZEUS_2012_I1116258/d05-x01-y01#0:3   1.0   # 9 bins from 17 to 95
# /ZEUS_2012_I1116258/d05-x01-y01#3:9   0.0   # 9 bins from 17 to 95
# /ZEUS_2012_I1116258/d06-x01-y01#0:6   1.0   # 9 bins from 17 to 95
# /ZEUS_2012_I1116258/d06-x01-y01#6:9   0.0   # 9 bins from 17 to 95
# /ZEUS_2012_I1116258/d07-x01-y01#0:7   1.0   # 9 bins from 17 to 95
# /ZEUS_2012_I1116258/d07-x01-y01#7:9   0.0   # 9 bins from 17 to 95
# /ZEUS_2012_I1116258/d08-x01-y01#0:2   1.0   # 9 bins from 17 to 95
# /ZEUS_2012_I1116258/d08-x01-y01#2:9   0.0   # 9 bins from 17 to 95
# /ZEUS_2012_I1116258/d09-x01-y01#0:6   1.0   # 9 bins from 17 to 95
# /ZEUS_2012_I1116258/d09-x01-y01#6:9   0.0   # 9 bins from 17 to 95
# /ZEUS_2012_I1116258/d10-x01-y01#0:7   1.0   # 9 bins from 17 to 95
# /ZEUS_2012_I1116258/d10-x01-y01#7:9   0.0   # 9 bins from 17 to 95
# /ZEUS_2012_I1116258/d11-x01-y01   0.0   # 13 bins from -0.75 to 2.5
# /ZEUS_2012_I1116258/d12-x01-y01   0.0   # 13 bins from -0.75 to 2.5
#
# Mean contribution:
#
# /ZEUS_2012_I1116258/d01-x01-y01	5.053109
# /ZEUS_2012_I1116258/d04-x01-y01	22.474393
# /ZEUS_2012_I1116258/d05-x01-y01	30.764956
# /ZEUS_2012_I1116258/d06-x01-y01	41.463912
# /ZEUS_2012_I1116258/d07-x01-y01	23.813021
# /ZEUS_2012_I1116258/d08-x01-y01	28.541265
# /ZEUS_2012_I1116258/d09-x01-y01	20.249034
# /ZEUS_2012_I1116258/d10-x01-y01	32.406805
