# ProfVersion: 2.3.3
# Date: 2023-03-23 23:54:18
# InterpolationFile: /home/anarendran/Documents/CEDAR_stuff/apfel-code-for-photon-pdfs/IPOL/ZEUS_2012_redone2/ipol.dat
# DataDirectory: /home/anarendran/Documents/CEDAR_stuff/apfel-code-for-photon-pdfs/IPOL/ZEUS_2012_redone2/prof_refdata_91
#
# Limits:
#	PDF_APL  	0.000965 0.998800
#	PDF_BPL  	-0.977988 1.974870
#	PDF_AHAD 	0.001407 0.999209
#	PDF_BHAD 	-0.986509 1.998866
#	PDF_AHADG	0.004202 1.996735
#	PDF_BHADG	-0.989979 1.485580
#	SCALE    	0.256464 6.313484
#
# Fixed:
#
# Minimisation result:
#
# GOF 1022.470150
# UNITGOF 1022.470150
# NDOF 33.000000
PDF_APL  	0.477169
PDF_BPL  	-0.398437
PDF_AHAD 	0.451960
PDF_BHAD 	0.961567
PDF_AHADG	1.048563
PDF_BHADG	-0.122136
SCALE    	1.891649
#
# MIGRAD errors:
#
# PDF_APL  	6.629957e-06
# PDF_BPL  	1.847946e-05
# PDF_AHAD 	4.807405e-06
# PDF_BHAD 	1.804112e-05
# PDF_AHADG	1.245756e-05
# PDF_BHADG	1.146801e-05
# SCALE    	3.828673e+00
#
# Correlation matrix:
#
# PDF_APL      1.000000e+00    2.020575e-01    1.989034e-01   -2.006798e-01   -1.927710e-01   -1.984013e-01   -1.467317e-02
# PDF_BPL      2.020575e-01    1.000000e+00   -1.987284e-01    1.991983e-01    2.012684e-01    2.003160e-01   -1.221829e-02
# PDF_AHAD     1.989034e-01   -1.987284e-01    1.000000e+00    2.003565e-01    2.025485e-01    2.013831e-01   -1.986975e-02
# PDF_BHAD    -2.006798e-01    1.991983e-01    2.003565e-01    1.000000e+00   -1.998622e-01   -2.004931e-01   -3.548916e-03
# PDF_AHADG   -1.927710e-01    2.012684e-01    2.025485e-01   -1.998622e-01    1.000000e+00   -1.993851e-01   -2.651812e-02
# PDF_BHADG   -1.984013e-01    2.003160e-01    2.013831e-01   -2.004931e-01   -1.993851e-01    1.000000e+00    1.233912e-02
# SCALE       -1.467317e-02   -1.221829e-02   -1.986975e-02   -3.548916e-03   -2.651812e-02    1.233912e-02    1.000000e+00
#
# Covariance matrix:
#
# PDF_APL      4.395633e-11    2.475568e-11    6.339627e-12   -2.400368e-11   -1.592155e-11   -1.508493e-11   -8.647857e-04
# PDF_BPL      2.475568e-11    3.414905e-10   -1.765468e-11    6.641076e-11    4.633378e-11    4.245148e-11   -2.007122e-03
# PDF_AHAD     6.339627e-12   -1.765468e-11    2.311115e-11    1.737712e-11    1.213033e-11    1.110252e-11   -8.491355e-04
# PDF_BHAD    -2.400368e-11    6.641076e-11    1.737712e-11    3.254822e-10   -4.491870e-11   -4.148118e-11   -5.691585e-04
# PDF_AHADG   -1.592155e-11    4.633378e-11    1.213033e-11   -4.491870e-11    1.551907e-10   -2.848483e-11   -2.936632e-03
# PDF_BHADG   -1.508493e-11    4.245148e-11    1.110252e-11   -4.148118e-11   -2.848483e-11    1.315152e-10    1.257900e-03
# SCALE       -8.647857e-04   -2.007122e-03   -8.491355e-04   -5.691585e-04   -2.936632e-03    1.257900e-03    7.902197e+07
#
#
# Weights used
#
# /ZEUS_2012_I1116258/d01-x01-y01#0:4   1.0   # 9 bins from 17 to 95
# /ZEUS_2012_I1116258/d01-x01-y01#4:9   0.0   # 9 bins from 17 to 95
# /ZEUS_2012_I1116258/d02-x01-y01   0.0   # 13 bins from -0.75 to 2.5
# /ZEUS_2012_I1116258/d03-x01-y01   0.0   # 13 bins from -0.75 to 2.5
# /ZEUS_2012_I1116258/d04-x01-y01   1.0   # 5 bins from 17 to 41
# /ZEUS_2012_I1116258/d05-x01-y01#0:3   1.0   # 9 bins from 17 to 95
# /ZEUS_2012_I1116258/d05-x01-y01#3:9   0.0   # 9 bins from 17 to 95
# /ZEUS_2012_I1116258/d06-x01-y01#0:6   1.0   # 9 bins from 17 to 95
# /ZEUS_2012_I1116258/d06-x01-y01#6:9   0.0   # 9 bins from 17 to 95
# /ZEUS_2012_I1116258/d07-x01-y01#0:7   1.0   # 9 bins from 17 to 95
# /ZEUS_2012_I1116258/d07-x01-y01#7:9   0.0   # 9 bins from 17 to 95
# /ZEUS_2012_I1116258/d08-x01-y01#0:2   1.0   # 9 bins from 17 to 95
# /ZEUS_2012_I1116258/d08-x01-y01#2:9   0.0   # 9 bins from 17 to 95
# /ZEUS_2012_I1116258/d09-x01-y01#0:6   1.0   # 9 bins from 17 to 95
# /ZEUS_2012_I1116258/d09-x01-y01#6:9   0.0   # 9 bins from 17 to 95
# /ZEUS_2012_I1116258/d10-x01-y01#0:7   1.0   # 9 bins from 17 to 95
# /ZEUS_2012_I1116258/d10-x01-y01#7:9   0.0   # 9 bins from 17 to 95
# /ZEUS_2012_I1116258/d11-x01-y01   0.0   # 13 bins from -0.75 to 2.5
# /ZEUS_2012_I1116258/d12-x01-y01   0.0   # 13 bins from -0.75 to 2.5
#
# Mean contribution:
#
# /ZEUS_2012_I1116258/d01-x01-y01	7.308639
# /ZEUS_2012_I1116258/d04-x01-y01	23.989949
# /ZEUS_2012_I1116258/d05-x01-y01	30.650306
# /ZEUS_2012_I1116258/d06-x01-y01	39.741759
# /ZEUS_2012_I1116258/d07-x01-y01	26.945617
# /ZEUS_2012_I1116258/d08-x01-y01	24.152461
# /ZEUS_2012_I1116258/d09-x01-y01	20.170761
# /ZEUS_2012_I1116258/d10-x01-y01	26.419368
