# ProfVersion: 2.3.3
# Date: 2023-03-23 23:51:33
# InterpolationFile: /home/anarendran/Documents/CEDAR_stuff/apfel-code-for-photon-pdfs/IPOL/ZEUS_2012_redone2/ipol.dat
# DataDirectory: /home/anarendran/Documents/CEDAR_stuff/apfel-code-for-photon-pdfs/IPOL/ZEUS_2012_redone2/prof_refdata_00
#
# Limits:
#	PDF_APL  	0.000965 0.998800
#	PDF_BPL  	-0.977988 1.974870
#	PDF_AHAD 	0.001407 0.999209
#	PDF_BHAD 	-0.986509 1.998866
#	PDF_AHADG	0.004202 1.996735
#	PDF_BHADG	-0.989979 1.485580
#	SCALE    	0.256464 6.313484
#
# Fixed:
#
# Minimisation result:
#
# GOF 1046.605508
# UNITGOF 1046.605508
# NDOF 33.000000
PDF_APL  	0.479194
PDF_BPL  	-0.398630
PDF_AHAD 	0.451488
PDF_BHAD 	0.959129
PDF_AHADG	1.044781
PDF_BHADG	-0.121828
SCALE    	3.288182
#
# MIGRAD errors:
#
# PDF_APL  	2.523399e-04
# PDF_BPL  	1.481219e-03
# PDF_AHAD 	7.215398e-05
# PDF_BHAD 	6.286311e-04
# PDF_AHADG	1.221000e-03
# PDF_BHADG	5.546894e-04
# SCALE    	3.751403e+00
#
# Correlation matrix:
#
# PDF_APL      1.000000e+00   -9.990003e-01   -8.333390e-03    2.780213e-01   -9.962040e-01   -6.194126e-01   -3.525822e-02
# PDF_BPL     -9.990003e-01    1.000000e+00   -2.325580e-02   -2.474892e-01    9.934615e-01    5.939714e-01    3.531178e-02
# PDF_AHAD    -8.333390e-03   -2.325580e-02    1.000000e+00   -9.620019e-01    9.084183e-02    7.899331e-01   -1.407404e-03
# PDF_BHAD     2.780213e-01   -2.474892e-01   -9.620019e-01    1.000000e+00   -3.564187e-01   -9.261937e-01   -8.166943e-03
# PDF_AHADG   -9.962040e-01    9.934615e-01    9.084183e-02   -3.564187e-01    1.000000e+00    6.818910e-01    3.501363e-02
# PDF_BHADG   -6.194126e-01    5.939714e-01    7.899331e-01   -9.261937e-01    6.818910e-01    1.000000e+00    2.050039e-02
# SCALE       -3.525822e-02    3.531178e-02   -1.407404e-03   -8.166943e-03    3.501363e-02    2.050039e-02    1.000000e+00
#
# Covariance matrix:
#
# PDF_APL      6.367542e-08   -3.733970e-07   -1.517288e-10    4.410216e-08   -3.069376e-07   -8.669935e-08   -9.446167e-04
# PDF_BPL     -3.733970e-07    2.194010e-06   -2.485484e-09   -2.304472e-07    1.796744e-06    4.880167e-07    5.553263e-03
# PDF_AHAD    -1.517288e-10   -2.485484e-09    5.206198e-09   -4.363471e-08    8.003171e-09    3.161553e-08   -1.078173e-05
# PDF_BHAD     4.410216e-08   -2.304472e-07   -4.363471e-08    3.951771e-07   -2.735723e-07   -3.229591e-07   -5.450856e-04
# PDF_AHADG   -3.069376e-07    1.796744e-06    8.003171e-09   -2.735723e-07    1.490842e-06    4.618284e-07    4.539023e-03
# PDF_BHADG   -8.669935e-08    4.880167e-07    3.161553e-08   -3.229591e-07    4.618284e-07    3.076803e-07    1.207317e-03
# SCALE       -9.446167e-04    5.553263e-03   -1.078173e-05   -5.450856e-04    4.539023e-03    1.207317e-03    1.127246e+04
#
#
# Weights used
#
# /ZEUS_2012_I1116258/d01-x01-y01#0:4   1.0   # 9 bins from 17 to 95
# /ZEUS_2012_I1116258/d01-x01-y01#4:9   0.0   # 9 bins from 17 to 95
# /ZEUS_2012_I1116258/d02-x01-y01   0.0   # 13 bins from -0.75 to 2.5
# /ZEUS_2012_I1116258/d03-x01-y01   0.0   # 13 bins from -0.75 to 2.5
# /ZEUS_2012_I1116258/d04-x01-y01   1.0   # 5 bins from 17 to 41
# /ZEUS_2012_I1116258/d05-x01-y01#0:3   1.0   # 9 bins from 17 to 95
# /ZEUS_2012_I1116258/d05-x01-y01#3:9   0.0   # 9 bins from 17 to 95
# /ZEUS_2012_I1116258/d06-x01-y01#0:6   1.0   # 9 bins from 17 to 95
# /ZEUS_2012_I1116258/d06-x01-y01#6:9   0.0   # 9 bins from 17 to 95
# /ZEUS_2012_I1116258/d07-x01-y01#0:7   1.0   # 9 bins from 17 to 95
# /ZEUS_2012_I1116258/d07-x01-y01#7:9   0.0   # 9 bins from 17 to 95
# /ZEUS_2012_I1116258/d08-x01-y01#0:2   1.0   # 9 bins from 17 to 95
# /ZEUS_2012_I1116258/d08-x01-y01#2:9   0.0   # 9 bins from 17 to 95
# /ZEUS_2012_I1116258/d09-x01-y01#0:6   1.0   # 9 bins from 17 to 95
# /ZEUS_2012_I1116258/d09-x01-y01#6:9   0.0   # 9 bins from 17 to 95
# /ZEUS_2012_I1116258/d10-x01-y01#0:7   1.0   # 9 bins from 17 to 95
# /ZEUS_2012_I1116258/d10-x01-y01#7:9   0.0   # 9 bins from 17 to 95
# /ZEUS_2012_I1116258/d11-x01-y01   0.0   # 13 bins from -0.75 to 2.5
# /ZEUS_2012_I1116258/d12-x01-y01   0.0   # 13 bins from -0.75 to 2.5
#
# Mean contribution:
#
# /ZEUS_2012_I1116258/d01-x01-y01	4.521940
# /ZEUS_2012_I1116258/d04-x01-y01	23.658842
# /ZEUS_2012_I1116258/d05-x01-y01	27.754708
# /ZEUS_2012_I1116258/d06-x01-y01	46.826382
# /ZEUS_2012_I1116258/d07-x01-y01	25.660090
# /ZEUS_2012_I1116258/d08-x01-y01	29.088556
# /ZEUS_2012_I1116258/d09-x01-y01	20.635357
# /ZEUS_2012_I1116258/d10-x01-y01	26.341606
