# ProfVersion: 2.3.3
# Date: 2023-03-02 19:03:14
# InterpolationFile: /home/anarendran/Documents/CEDAR_stuff/apfel-code-for-photon-pdfs/IPOL/ZEUS_2001/ipol.dat
# DataDirectory: /home/anarendran/Documents/CEDAR_stuff/apfel-code-for-photon-pdfs/prof_refdata
#
# Limits:
#	PDF_APL  	-2.950048 2.913137
#	PDF_BPL  	-2.981785 2.923029
#	PDF_AHAD 	-2.981013 2.945382
#	PDF_BHAD 	-2.997881 2.984693
#	PDF_AHADG	-2.999687 2.969022
#	PDF_BHADG	-2.967407 2.990951
#
# Fixed:
#
# Minimisation result:
#
# GOF 11964560.957906
# UNITGOF 11964560.957906
# NDOF 145.000000
PDF_APL  	-0.348405
PDF_BPL  	1.015232
PDF_AHAD 	-0.058673
PDF_BHAD 	0.006894
PDF_AHADG	-0.420269
PDF_BHADG	0.711860
#
# MIGRAD errors:
#
# PDF_APL  	3.190120e-05
# PDF_BPL  	6.163921e-05
# PDF_AHAD 	3.172970e-06
# PDF_BHAD 	5.996290e-07
# PDF_AHADG	1.925524e-05
# PDF_BHADG	9.597482e-06
#
# Correlation matrix:
#
# PDF_APL      1.000000e+00   -9.999436e-01    9.957312e-01   -7.952382e-01    9.990008e-01    9.991781e-01
# PDF_BPL     -9.999436e-01    1.000000e+00   -9.957607e-01    7.916651e-01   -9.991247e-01   -9.992967e-01
# PDF_AHAD     9.957312e-01   -9.957607e-01    1.000000e+00   -7.701400e-01    9.953385e-01    9.932359e-01
# PDF_BHAD    -7.952382e-01    7.916651e-01   -7.701400e-01    1.000000e+00   -7.924017e-01   -7.824183e-01
# PDF_AHADG    9.990008e-01   -9.991247e-01    9.953385e-01   -7.924017e-01    1.000000e+00    9.989243e-01
# PDF_BHADG    9.991781e-01   -9.992967e-01    9.932359e-01   -7.824183e-01    9.989243e-01    1.000000e+00
#
# Covariance matrix:
#
# PDF_APL      1.017686e-09   -1.966254e-09    1.007895e-10   -1.521202e-11    6.136516e-10    3.059195e-10
# PDF_BPL     -1.966254e-09    3.799393e-09   -1.947503e-10    2.926046e-11   -1.185839e-09   -5.911651e-10
# PDF_AHAD     1.007895e-10   -1.947503e-10    1.006774e-11   -1.465272e-12    6.081151e-11    3.024654e-11
# PDF_BHAD    -1.521202e-11    2.926046e-11   -1.465272e-12    3.595550e-13   -9.149072e-12   -4.502761e-12
# PDF_AHADG    6.136516e-10   -1.185839e-09    6.081151e-11   -9.149072e-12    3.707644e-10    1.846031e-10
# PDF_BHADG    3.059195e-10   -5.911651e-10    3.024654e-11   -4.502761e-12    1.846031e-10    9.211165e-11
#
#
# Weights used
#
# /ZEUS_2001_S4815815/d01-x01-y01   1.0   # 8 bins from 0 to 0.8
# /ZEUS_2001_S4815815/d01-x01-y02   1.0   # 8 bins from 0 to 0.8
# /ZEUS_2001_S4815815/d02-x01-y01   1.0   # 2 bins from 14 to 21
# /ZEUS_2001_S4815815/d03-x01-y01   1.0   # 4 bins from 14 to 29
# /ZEUS_2001_S4815815/d04-x01-y01   1.0   # 7 bins from 14 to 48
# /ZEUS_2001_S4815815/d05-x01-y01   1.0   # 6 bins from 14 to 41
# /ZEUS_2001_S4815815/d06-x01-y01   1.0   # 9 bins from 14 to 65
# /ZEUS_2001_S4815815/d07-x01-y01   1.0   # 10 bins from 14 to 75
# /ZEUS_2001_S4815815/d08-x01-y01   1.0   # 1 bins from 14 to 17
# /ZEUS_2001_S4815815/d09-x01-y01   1.0   # 4 bins from 14 to 29
# /ZEUS_2001_S4815815/d10-x01-y01   1.0   # 5 bins from 14 to 35
# /ZEUS_2001_S4815815/d11-x01-y01   1.0   # 5 bins from 14 to 35
# /ZEUS_2001_S4815815/d12-x01-y01   1.0   # 8 bins from 14 to 55
# /ZEUS_2001_S4815815/d13-x01-y01   1.0   # 9 bins from 14 to 65
# /ZEUS_2001_S4815815/d14-x01-y01   1.0   # 7 bins from -1 to 2.4
# /ZEUS_2001_S4815815/d15-x01-y01   1.0   # 7 bins from -1 to 2.4
# /ZEUS_2001_S4815815/d16-x01-y01   1.0   # 7 bins from -1 to 2.4
# /ZEUS_2001_S4815815/d17-x01-y01   1.0   # 6 bins from -0.5 to 2.4
# /ZEUS_2001_S4815815/d18-x01-y01   1.0   # 7 bins from -1 to 2.4
# /ZEUS_2001_S4815815/d19-x01-y01   1.0   # 7 bins from -1 to 2.4
# /ZEUS_2001_S4815815/d20-x01-y01   1.0   # 8 bins from 0.1 to 1
# /ZEUS_2001_S4815815/d21-x01-y01   1.0   # 8 bins from 0.1 to 1
# /ZEUS_2001_S4815815/d22-x01-y01   1.0   # 4 bins from 0.1 to 1
# /ZEUS_2001_S4815815/d23-x01-y01   1.0   # 4 bins from 0.1 to 1
#
# Mean contribution:
#
# /ZEUS_2001_S4815815/d01-x01-y01	31504.210028
# /ZEUS_2001_S4815815/d01-x01-y02	130.821825
# /ZEUS_2001_S4815815/d02-x01-y01	23.715264
# /ZEUS_2001_S4815815/d03-x01-y01	99.086911
# /ZEUS_2001_S4815815/d04-x01-y01	59.888688
# /ZEUS_2001_S4815815/d05-x01-y01	104.481632
# /ZEUS_2001_S4815815/d06-x01-y01	196.192115
# /ZEUS_2001_S4815815/d07-x01-y01	41.073616
# /ZEUS_2001_S4815815/d08-x01-y01	574.356916
# /ZEUS_2001_S4815815/d09-x01-y01	4763.064518
# /ZEUS_2001_S4815815/d10-x01-y01	27696.601862
# /ZEUS_2001_S4815815/d11-x01-y01	98024.498290
# /ZEUS_2001_S4815815/d12-x01-y01	166561.440106
# /ZEUS_2001_S4815815/d13-x01-y01	186038.774700
# /ZEUS_2001_S4815815/d14-x01-y01	116.035207
# /ZEUS_2001_S4815815/d15-x01-y01	155.987033
# /ZEUS_2001_S4815815/d16-x01-y01	161.870818
# /ZEUS_2001_S4815815/d17-x01-y01	39547.167270
# /ZEUS_2001_S4815815/d18-x01-y01	175811.810661
# /ZEUS_2001_S4815815/d19-x01-y01	251320.702239
# /ZEUS_2001_S4815815/d20-x01-y01	439423.665228
# /ZEUS_2001_S4815815/d21-x01-y01	159659.477206
# /ZEUS_2001_S4815815/d22-x01-y01	5073.214856
# /ZEUS_2001_S4815815/d23-x01-y01	2383.973997
