# ProfVersion: 2.3.3
# Date: 2023-03-23 23:54:25
# InterpolationFile: /home/anarendran/Documents/CEDAR_stuff/apfel-code-for-photon-pdfs/IPOL/ZEUS_2012_redone2/ipol.dat
# DataDirectory: /home/anarendran/Documents/CEDAR_stuff/apfel-code-for-photon-pdfs/IPOL/ZEUS_2012_redone2/prof_refdata_95
#
# Limits:
#	PDF_APL  	0.000965 0.998800
#	PDF_BPL  	-0.977988 1.974870
#	PDF_AHAD 	0.001407 0.999209
#	PDF_BHAD 	-0.986509 1.998866
#	PDF_AHADG	0.004202 1.996735
#	PDF_BHADG	-0.989979 1.485580
#	SCALE    	0.256464 6.313484
#
# Fixed:
#
# Minimisation result:
#
# GOF 1035.792512
# UNITGOF 1035.792512
# NDOF 33.000000
PDF_APL  	0.477921
PDF_BPL  	-0.375958
PDF_AHAD 	0.454473
PDF_BHAD 	0.965364
PDF_AHADG	1.020249
PDF_BHADG	-0.077301
SCALE    	0.320737
#
# MIGRAD errors:
#
# PDF_APL  	6.942775e-06
# PDF_BPL  	1.889333e-05
# PDF_AHAD 	5.006789e-06
# PDF_BHAD 	1.836631e-05
# PDF_AHADG	1.170427e-05
# PDF_BHADG	1.250490e-05
# SCALE    	4.254874e+00
#
# Correlation matrix:
#
# PDF_APL      1.000000e+00    2.008116e-01    2.041926e-01   -2.001646e-01   -1.954376e-01   -1.998181e-01    4.987452e-02
# PDF_BPL      2.008116e-01    1.000000e+00   -1.971487e-01    1.992652e-01    2.002724e-01    1.990826e-01   -1.175051e-02
# PDF_AHAD     2.041926e-01   -1.971487e-01    1.000000e+00    1.980166e-01    2.034198e-01    1.970461e-01    2.326446e-02
# PDF_BHAD    -2.001646e-01    1.992652e-01    1.980166e-01    1.000000e+00   -2.003784e-01   -1.984848e-01    9.323161e-03
# PDF_AHADG   -1.954376e-01    2.002724e-01    2.034198e-01   -2.003784e-01    1.000000e+00   -2.028116e-01   -7.620481e-02
# PDF_BHADG   -1.998181e-01    1.990826e-01    1.970461e-01   -1.984848e-01   -2.028116e-01    1.000000e+00    2.875736e-02
# SCALE        4.987452e-02   -1.175051e-02    2.326446e-02    9.323161e-03   -7.620481e-02    2.875736e-02    1.000000e+00
#
# Covariance matrix:
#
# PDF_APL      4.820212e-11    2.634088e-11    7.097942e-12   -2.552361e-11   -1.588128e-11   -1.734794e-11    1.133963e-03
# PDF_BPL      2.634088e-11    3.569578e-10   -1.864926e-11    6.914515e-11    4.428675e-11    4.703508e-11   -7.270296e-04
# PDF_AHAD     7.097942e-12   -1.864926e-11    2.506793e-11    1.820886e-11    1.192056e-11    1.233693e-11    3.814514e-04
# PDF_BHAD    -2.552361e-11    6.914515e-11    1.820886e-11    3.373212e-10   -4.307419e-11   -4.558575e-11    5.607535e-04
# PDF_AHADG   -1.588128e-11    4.428675e-11    1.192056e-11   -4.307419e-11    1.369899e-10   -2.968364e-11   -2.920880e-03
# PDF_BHADG   -1.734794e-11    4.703508e-11    1.233693e-11   -4.558575e-11   -2.968364e-11    1.563725e-10    1.177650e-03
# SCALE        1.133963e-03   -7.270296e-04    3.814514e-04    5.607535e-04   -2.920880e-03    1.177650e-03    1.072442e+07
#
#
# Weights used
#
# /ZEUS_2012_I1116258/d01-x01-y01#0:4   1.0   # 9 bins from 17 to 95
# /ZEUS_2012_I1116258/d01-x01-y01#4:9   0.0   # 9 bins from 17 to 95
# /ZEUS_2012_I1116258/d02-x01-y01   0.0   # 13 bins from -0.75 to 2.5
# /ZEUS_2012_I1116258/d03-x01-y01   0.0   # 13 bins from -0.75 to 2.5
# /ZEUS_2012_I1116258/d04-x01-y01   1.0   # 5 bins from 17 to 41
# /ZEUS_2012_I1116258/d05-x01-y01#0:3   1.0   # 9 bins from 17 to 95
# /ZEUS_2012_I1116258/d05-x01-y01#3:9   0.0   # 9 bins from 17 to 95
# /ZEUS_2012_I1116258/d06-x01-y01#0:6   1.0   # 9 bins from 17 to 95
# /ZEUS_2012_I1116258/d06-x01-y01#6:9   0.0   # 9 bins from 17 to 95
# /ZEUS_2012_I1116258/d07-x01-y01#0:7   1.0   # 9 bins from 17 to 95
# /ZEUS_2012_I1116258/d07-x01-y01#7:9   0.0   # 9 bins from 17 to 95
# /ZEUS_2012_I1116258/d08-x01-y01#0:2   1.0   # 9 bins from 17 to 95
# /ZEUS_2012_I1116258/d08-x01-y01#2:9   0.0   # 9 bins from 17 to 95
# /ZEUS_2012_I1116258/d09-x01-y01#0:6   1.0   # 9 bins from 17 to 95
# /ZEUS_2012_I1116258/d09-x01-y01#6:9   0.0   # 9 bins from 17 to 95
# /ZEUS_2012_I1116258/d10-x01-y01#0:7   1.0   # 9 bins from 17 to 95
# /ZEUS_2012_I1116258/d10-x01-y01#7:9   0.0   # 9 bins from 17 to 95
# /ZEUS_2012_I1116258/d11-x01-y01   0.0   # 13 bins from -0.75 to 2.5
# /ZEUS_2012_I1116258/d12-x01-y01   0.0   # 13 bins from -0.75 to 2.5
#
# Mean contribution:
#
# /ZEUS_2012_I1116258/d01-x01-y01	4.610537
# /ZEUS_2012_I1116258/d04-x01-y01	22.738385
# /ZEUS_2012_I1116258/d05-x01-y01	24.905189
# /ZEUS_2012_I1116258/d06-x01-y01	45.273535
# /ZEUS_2012_I1116258/d07-x01-y01	27.267943
# /ZEUS_2012_I1116258/d08-x01-y01	21.769669
# /ZEUS_2012_I1116258/d09-x01-y01	21.218142
# /ZEUS_2012_I1116258/d10-x01-y01	27.939696
