# ProfVersion: 2.3.3
# Date: 2023-03-23 23:52:58
# InterpolationFile: /home/anarendran/Documents/CEDAR_stuff/apfel-code-for-photon-pdfs/IPOL/ZEUS_2012_redone2/ipol.dat
# DataDirectory: /home/anarendran/Documents/CEDAR_stuff/apfel-code-for-photon-pdfs/IPOL/ZEUS_2012_redone2/prof_refdata_46
#
# Limits:
#	PDF_APL  	0.000965 0.998800
#	PDF_BPL  	-0.977988 1.974870
#	PDF_AHAD 	0.001407 0.999209
#	PDF_BHAD 	-0.986509 1.998866
#	PDF_AHADG	0.004202 1.996735
#	PDF_BHADG	-0.989979 1.485580
#	SCALE    	0.256464 6.313484
#
# Fixed:
#
# Minimisation result:
#
# GOF 1099.862050
# UNITGOF 1099.862050
# NDOF 33.000000
PDF_APL  	0.479415
PDF_BPL  	-0.400876
PDF_AHAD 	0.451747
PDF_BHAD 	0.959931
PDF_AHADG	1.044053
PDF_BHADG	-0.122824
SCALE    	3.180237
#
# MIGRAD errors:
#
# PDF_APL  	1.919295e-04
# PDF_BPL  	1.227045e-03
# PDF_AHAD 	6.815645e-05
# PDF_BHAD 	5.868436e-04
# PDF_AHADG	9.886870e-04
# PDF_BHADG	4.671984e-04
# SCALE    	4.206433e+00
#
# Correlation matrix:
#
# PDF_APL      1.000000e+00   -9.989004e-01    1.767129e-01    1.650739e-01   -9.936076e-01   -4.657804e-01   -3.040197e-02
# PDF_BPL     -9.989004e-01    1.000000e+00   -1.991332e-01   -1.425721e-01    9.915568e-01    4.450227e-01    3.053353e-02
# PDF_AHAD     1.767129e-01   -1.991332e-01    1.000000e+00   -9.405234e-01   -7.061087e-02    7.882843e-01   -1.002372e-02
# PDF_BHAD     1.650739e-01   -1.425721e-01   -9.405234e-01    1.000000e+00   -2.696287e-01   -9.494860e-01   -3.644622e-04
# PDF_AHADG   -9.936076e-01    9.915568e-01   -7.061087e-02   -2.696287e-01    1.000000e+00    5.573374e-01    2.975301e-02
# PDF_BHADG   -4.657804e-01    4.450227e-01    7.882843e-01   -9.494860e-01    5.573374e-01    1.000000e+00    9.978042e-03
# SCALE       -3.040197e-02    3.053353e-02   -1.002372e-02   -3.644622e-04    2.975301e-02    9.978042e-03    1.000000e+00
#
# Covariance matrix:
#
# PDF_APL      3.683695e-08   -2.352473e-07    2.311623e-09    1.859270e-08   -1.885453e-07   -4.176615e-08   -6.245056e-04
# PDF_BPL     -2.352473e-07    1.505640e-06   -1.665372e-08   -1.026639e-07    1.202921e-06    2.551198e-07    4.009871e-03
# PDF_AHAD     2.311623e-09   -1.665372e-08    4.645301e-09   -3.761827e-08   -4.758142e-09    2.510101e-08   -7.311877e-05
# PDF_BHAD     1.859270e-08   -1.026639e-07   -3.761827e-08    3.443854e-07   -1.564399e-07   -2.603229e-07   -2.289115e-05
# PDF_AHADG   -1.885453e-07    1.202921e-06   -4.758142e-09   -1.564399e-07    9.775023e-07    2.574415e-07    3.148347e-03
# PDF_BHADG   -4.176615e-08    2.551198e-07    2.510101e-08   -2.603229e-07    2.574415e-07    2.182744e-07    4.989298e-04
# SCALE       -6.245056e-04    4.009871e-03   -7.311877e-05   -2.289115e-05    3.148347e-03    4.989298e-04    1.145475e+04
#
#
# Weights used
#
# /ZEUS_2012_I1116258/d01-x01-y01#0:4   1.0   # 9 bins from 17 to 95
# /ZEUS_2012_I1116258/d01-x01-y01#4:9   0.0   # 9 bins from 17 to 95
# /ZEUS_2012_I1116258/d02-x01-y01   0.0   # 13 bins from -0.75 to 2.5
# /ZEUS_2012_I1116258/d03-x01-y01   0.0   # 13 bins from -0.75 to 2.5
# /ZEUS_2012_I1116258/d04-x01-y01   1.0   # 5 bins from 17 to 41
# /ZEUS_2012_I1116258/d05-x01-y01#0:3   1.0   # 9 bins from 17 to 95
# /ZEUS_2012_I1116258/d05-x01-y01#3:9   0.0   # 9 bins from 17 to 95
# /ZEUS_2012_I1116258/d06-x01-y01#0:6   1.0   # 9 bins from 17 to 95
# /ZEUS_2012_I1116258/d06-x01-y01#6:9   0.0   # 9 bins from 17 to 95
# /ZEUS_2012_I1116258/d07-x01-y01#0:7   1.0   # 9 bins from 17 to 95
# /ZEUS_2012_I1116258/d07-x01-y01#7:9   0.0   # 9 bins from 17 to 95
# /ZEUS_2012_I1116258/d08-x01-y01#0:2   1.0   # 9 bins from 17 to 95
# /ZEUS_2012_I1116258/d08-x01-y01#2:9   0.0   # 9 bins from 17 to 95
# /ZEUS_2012_I1116258/d09-x01-y01#0:6   1.0   # 9 bins from 17 to 95
# /ZEUS_2012_I1116258/d09-x01-y01#6:9   0.0   # 9 bins from 17 to 95
# /ZEUS_2012_I1116258/d10-x01-y01#0:7   1.0   # 9 bins from 17 to 95
# /ZEUS_2012_I1116258/d10-x01-y01#7:9   0.0   # 9 bins from 17 to 95
# /ZEUS_2012_I1116258/d11-x01-y01   0.0   # 13 bins from -0.75 to 2.5
# /ZEUS_2012_I1116258/d12-x01-y01   0.0   # 13 bins from -0.75 to 2.5
#
# Mean contribution:
#
# /ZEUS_2012_I1116258/d01-x01-y01	5.190212
# /ZEUS_2012_I1116258/d04-x01-y01	25.676191
# /ZEUS_2012_I1116258/d05-x01-y01	27.994909
# /ZEUS_2012_I1116258/d06-x01-y01	44.933542
# /ZEUS_2012_I1116258/d07-x01-y01	27.888402
# /ZEUS_2012_I1116258/d08-x01-y01	19.819115
# /ZEUS_2012_I1116258/d09-x01-y01	23.576740
# /ZEUS_2012_I1116258/d10-x01-y01	31.545255
